# log10(T) rate(cm^3/s)
# Total Recomb Rates
3.500000000000000000e+00 1.157390505096749140e-12
3.520080321285140368e+00 1.134275179500030484e-12
3.540160642570281180e+00 1.113288720179311616e-12
3.560240963855421548e+00 1.094300607375411978e-12
3.580321285140562360e+00 1.077161878178444430e-12
3.600401606425702727e+00 1.061707289949473217e-12
3.620481927710843539e+00 1.047758098307327029e-12
3.640562248995983907e+00 1.035125313281686056e-12
3.660642570281124719e+00 1.023613283902651492e-12
3.680722891566265087e+00 1.013023457820763310e-12
3.700803212851405455e+00 1.003158168179475085e-12
3.720883534136546267e+00 9.938243144991270808e-13
3.740963855421686635e+00 9.848368276921431696e-13
3.761044176706827447e+00 9.760218420474599161e-13
3.781124497991967814e+00 9.672195403968657982e-13
3.801204819277108626e+00 9.582866946027782365e-13
3.821285140562248994e+00 9.490989938454182822e-13
3.841365461847389362e+00 9.395533385786401646e-13
3.861445783132530174e+00 9.295703762311449081e-13
3.881526104417670542e+00 9.190976587955867929e-13
3.901606425702811354e+00 9.081138992053443719e-13
3.921686746987951722e+00 8.966348730361323409e-13
3.941767068273092534e+00 8.847215294226673177e-13
3.961847389558232901e+00 8.724908130435023089e-13
3.981927710843373269e+00 8.601295339606945189e-13
4.002008032128514081e+00 8.479113404549151621e-13
4.022088353413654893e+00 8.362164547705874939e-13
4.042168674698794817e+00 8.255533470252599681e-13
4.062248995983935629e+00 8.165809948663917205e-13
4.082329317269076441e+00 8.101298711264835660e-13
4.102409638554217253e+00 8.072193951012719503e-13
4.122489959839357176e+00 8.090693510978870126e-13
4.142570281124497988e+00 8.171027830783372523e-13
4.162650602409638800e+00 8.329381535641126725e-13
4.182730923694778724e+00 8.583691113282821019e-13
4.202811244979919536e+00 8.953310111530617437e-13
4.222891566265060348e+00 9.458543007678460666e-13
4.242971887550201160e+00 1.012005939610765725e-12
4.263052208835341084e+00 1.095821032656112387e-12
4.283132530120481896e+00 1.199227743237544890e-12
4.303212851405622708e+00 1.323969200523863624e-12
4.323293172690762631e+00 1.471526476370457406e-12
4.343373493975903443e+00 1.643046743202089062e-12
4.363453815261044255e+00 1.839280445754214466e-12
4.383534136546185067e+00 2.060530763718038337e-12
4.403614457831324991e+00 2.306617873443522863e-12
4.423694779116465803e+00 2.576859613913185738e-12
4.443775100401606615e+00 2.870069208951588293e-12
4.463855421686746539e+00 3.184569772865315735e-12
4.483935742971887350e+00 3.518224496649684360e-12
4.504016064257028162e+00 3.868480725381014926e-12
4.524096385542168974e+00 4.232425623873202159e-12
4.544176706827309786e+00 4.606850797733932615e-12
4.564257028112449710e+00 4.988323084963134460e-12
4.584337349397590522e+00 5.373258741039328273e-12
4.604417670682730446e+00 5.757998381627794526e-12
4.624497991967871258e+00 6.138880291056762286e-12
4.644578313253012070e+00 6.512310020345181013e-12
4.664658634538152882e+00 6.874824556679287338e-12
4.684738955823293693e+00 7.223149721476767379e-12
4.704819277108433617e+00 7.554249825925654633e-12
4.724899598393574429e+00 7.865368965450879033e-12
4.744979919678714353e+00 8.154063656901160357e-12
4.765060240963855165e+00 8.418226807365667667e-12
4.785140562248995977e+00 8.656103247720269330e-12
4.805220883534136789e+00 8.866297266113302963e-12
4.825301204819277601e+00 9.047772737324436866e-12
4.845381526104417524e+00 9.199846565252341158e-12
4.865461847389558336e+00 9.322176240530742525e-12
4.885542168674698260e+00 9.414742366783847303e-12
4.905622489959839072e+00 9.477827030952336066e-12
4.925702811244979884e+00 9.511988889234619865e-12
4.945783132530120696e+00 9.518035814322453079e-12
4.965863453815261508e+00 9.496995905555372943e-12
4.985943775100401432e+00 9.450087605072315947e-12
5.006024096385542244e+00 9.378689593545453606e-12
5.026104417670682167e+00 9.284311061983827439e-12
5.046184738955822979e+00 9.168562874481715513e-12
5.066265060240963791e+00 9.033130053451297137e-12
5.086345381526104603e+00 8.879745936277095941e-12
5.106425702811245415e+00 8.710168272556843752e-12
5.126506024096385339e+00 8.526157455867135776e-12
5.146586345381526151e+00 8.329457014652491798e-12
5.166666666666666963e+00 8.121776424354854566e-12
5.186746987951806886e+00 7.904776247901736040e-12
5.206827309236947698e+00 7.680055564467105528e-12
5.226907630522088510e+00 7.449141607043253506e-12
5.246987951807229322e+00 7.213481497614656009e-12
5.267068273092369246e+00 6.974435944218968390e-12
5.287148594377510058e+00 6.733274746380602528e-12
5.307228915662650870e+00 6.491173943674153992e-12
5.327309236947790794e+00 6.249214435816202295e-12
5.347389558232931606e+00 6.008381900964956447e-12
5.367469879518072418e+00 5.769567841094418422e-12
5.387550200803213230e+00 5.533571588692001115e-12
5.407630522088353153e+00 5.301103116935861330e-12
5.427710843373493965e+00 5.072786505321460721e-12
5.447791164658634777e+00 4.849163923870682130e-12
5.467871485943774701e+00 4.630700011081089654e-12
5.487951807228915513e+00 4.417786533237209452e-12
5.508032128514056325e+00 4.210747225255403343e-12
5.528112449799197137e+00 4.009842725579353348e-12
5.548192771084337949e+00 3.815275529555083419e-12
5.568273092369477872e+00 3.627194897016281596e-12
5.588353413654618684e+00 3.445701660375446676e-12
5.608433734939758608e+00 3.270852889258732590e-12
5.628514056224899420e+00 3.102666376591858676e-12
5.648594377510040232e+00 2.941124919022432121e-12
5.668674698795181044e+00 2.786180371653124211e-12
5.688755020080321856e+00 2.637757463285509380e-12
5.708835341365461780e+00 2.495757363772709413e-12
5.728915662650602592e+00 2.360060999699763038e-12
5.748995983935742515e+00 2.230532118509700800e-12
5.769076305220883327e+00 2.107020104430454586e-12
5.789156626506024139e+00 1.989362552196488224e-12
5.809236947791164951e+00 1.877387606660452000e-12
5.829317269076305763e+00 1.770916078016873144e-12
5.849397590361445687e+00 1.669763343569582192e-12
5.869477911646586499e+00 1.573741047823206684e-12
5.889558232931726423e+00 1.482658613218284256e-12
5.909638554216867234e+00 1.396324574106404284e-12
5.929718875502008046e+00 1.314547746620172128e-12
5.949799196787148858e+00 1.237138246970597335e-12
5.969879518072289670e+00 1.163908370437167239e-12
5.989959839357429594e+00 1.094673342933173212e-12
6.010040160642570406e+00 1.029251956557754001e-12
6.030120481927710330e+00 9.674671000095831160e-13
6.050200803212851142e+00 9.091461941545486148e-13
6.070281124497991954e+00 8.541215424283474197e-13
6.090361445783132766e+00 8.022306051279563100e-13
6.110441767068273577e+00 7.533162060155420533e-13
6.130522088353413501e+00 7.072266790335348229e-13
6.150602409638554313e+00 6.638159623179673391e-13
6.170682730923694237e+00 6.229436461046891190e-13
6.190763052208835049e+00 5.844749805539450642e-13
6.210843373493975861e+00 5.482808489766816045e-13
6.230923694779116673e+00 5.142377114326178609e-13
6.251004016064257485e+00 4.822275231873906430e-13
6.271084337349397408e+00 4.521376320643650946e-13
6.291164658634538220e+00 4.238606583062375639e-13
6.311244979919678144e+00 3.972943601720008983e-13
6.331325301204818956e+00 3.723414881353855368e-13
6.351405622489959768e+00 3.489096302207161657e-13
6.371485943775100580e+00 3.269110507098045901e-13
6.391566265060241392e+00 3.062625241779115597e-13
6.411646586345381316e+00 2.868851665663080995e-13
6.431726907630522128e+00 2.687042647721600719e-13
6.451807228915662051e+00 2.516491060317582930e-13
6.471887550200802863e+00 2.356528081889587278e-13
6.491967871485943675e+00 2.206521517756542090e-13
6.512048192771084487e+00 2.065874146835714557e-13
6.532128514056225299e+00 1.934022100753763106e-13
6.552208835341365223e+00 1.810433280665257742e-13
6.572289156626506035e+00 1.694605816062783111e-13
6.592369477911645959e+00 1.586066568955517188e-13
6.612449799196786770e+00 1.484369685997093391e-13
6.632530120481927582e+00 1.389095200448785836e-13
6.652610441767068394e+00 1.299847685259624112e-13
6.672690763052209206e+00 1.216254958022822613e-13
6.692771084337350018e+00 1.137966838118611382e-13
6.712851405622489942e+00 1.064653955969924666e-13
6.732931726907629866e+00 9.960066140120428189e-14
6.753012048192770678e+00 9.317336987038947921e-14
6.773092369477911490e+00 8.715616426811618974e-14
6.793172690763052302e+00 8.152334359644369520e-14
6.813253012048193114e+00 7.625076849845258366e-14
6.833333333333333925e+00 7.131577180670925891e-14
6.853413654618473849e+00 6.669707359263836803e-14
6.873493975903614661e+00 6.237470056491218276e-14
6.893574297188754585e+00 5.832990966016931766e-14
6.913654618473895397e+00 5.454511566635015114e-14
6.933734939759036209e+00 5.100382271745382526e-14
6.953815261044177021e+00 4.769055949832249687e-14
6.973895582329317833e+00 4.459081799897643743e-14
6.993975903614457756e+00 4.169099565985665846e-14
7.014056224899598568e+00 3.897834075193596455e-14
7.034136546184738492e+00 3.644090083889722532e-14
7.054216867469879304e+00 3.406747417231904813e-14
7.074297188755020116e+00 3.184756387496627348e-14
7.094377510040160928e+00 2.977133477174232875e-14
7.114457831325301740e+00 2.782957273256336507e-14
7.134538152610441664e+00 2.601364639627698441e-14
7.154618473895582476e+00 2.431547114971902082e-14
7.174698795180722399e+00 2.272747524103050630e-14
7.194779116465863211e+00 2.124256791139264513e-14
7.214859437751004023e+00 1.985410943435813345e-14
7.234939759036144835e+00 1.855588295691493061e-14
7.255020080321285647e+00 1.734206804130467985e-14
7.275100401606425571e+00 1.620721581139952037e-14
7.295180722891566383e+00 1.514622561210830018e-14
7.315261044176706307e+00 1.415432309482107555e-14
7.335341365461847118e+00 1.322703964629622757e-14
7.355421686746987930e+00 1.236019308264708945e-14
7.375502008032128742e+00 1.154986953417918643e-14
7.395582329317269554e+00 1.079240645077185743e-14
7.415662650602409478e+00 1.008437666127966235e-14
7.435742971887550290e+00 9.422573424052886266e-15
7.455823293172690214e+00 8.803996409143293246e-15
7.475903614457831026e+00 8.225838556070013133e-15
7.495983935742971838e+00 7.685473754178469150e-15
7.516064257028112650e+00 7.180445295629615343e-15
7.536144578313252573e+00 6.708455053917287081e-15
7.556224899598393385e+00 6.267353343527332924e-15
7.576305220883534197e+00 5.855129418931431356e-15
7.596385542168675009e+00 5.469902573552850769e-15
7.616465863453814933e+00 5.109913801658723966e-15
7.636546184738955745e+00 4.773517988325785391e-15
7.656626506024096557e+00 4.459176594701318955e-15
7.676706827309237369e+00 4.165450807741255087e-15
7.696787148594377292e+00 3.890995125460131137e-15
7.716867469879518104e+00 3.634551350475705625e-15
7.736947791164658916e+00 3.394942966281204930e-15
7.757028112449798840e+00 3.171069872233404947e-15
7.777108433734939652e+00 2.961903454711535298e-15
7.797188755020080464e+00 2.766481973283256029e-15
7.817269076305221276e+00 2.583906242014658554e-15
7.837349397590361200e+00 2.413335587286029655e-15
7.857429718875502012e+00 2.253984064627104713e-15
7.877510040160642824e+00 2.105116918169519208e-15
7.897590361445782747e+00 1.966047267332992789e-15
7.917670682730923559e+00 1.836133006319946098e-15
7.937751004016064371e+00 1.714773902893461083e-15
7.957831325301205183e+00 1.601408883759062165e-15
7.977911646586345107e+00 1.495513494665372974e-15
7.997991967871485919e+00 1.396597524084489356e-15
8.018072289156627619e+00 1.304202780033302024e-15
8.038152610441766655e+00 1.217901010254196370e-15
8.058232931726907466e+00 1.137291956590380691e-15
8.078313253012048278e+00 1.062001534970094303e-15
8.098393574297189090e+00 9.916801329564445335e-16
8.118473895582329902e+00 9.260010173292430438e-16
8.138554216867468938e+00 8.646588446425766330e-16
8.158634538152611526e+00 8.073682681496641885e-16
8.178714859437750562e+00 7.538626349065314267e-16
8.198795180722891374e+00 7.038927672592737502e-16
8.218875502008032186e+00 6.572258232890344498e-16
8.238955823293172998e+00 6.136442311341074342e-16
8.259036144578313809e+00 5.729446924328752740e-16
8.279116465863452845e+00 5.349372504347476280e-16
8.299196787148595433e+00 4.994444186107247133e-16
8.319277108433734469e+00 4.663003658617739751e-16
8.339357429718875281e+00 4.353501546726562862e-16
8.359437751004016093e+00 4.064490287929436206e-16
8.379518072289156905e+00 3.794617472457185147e-16
8.399598393574297717e+00 3.542619616697496373e-16
8.419678714859436752e+00 3.307316341929596508e-16
8.439759036144579341e+00 3.087604932148937786e-16
8.459839357429718376e+00 2.882455246443980375e-16
8.479919678714859188e+00 2.690904962963148714e-16
8.500000000000000000e+00 2.512055132988460235e-16
