# log10(T) rate(cm^3/s)
# Total Recomb Rates
3.500000000000000000e+00 5.892749814527919181e-11
3.520080321285140368e+00 5.747848432335152732e-11
3.540160642570281180e+00 5.600248384400648000e-11
3.560240963855421548e+00 5.450581982109699431e-11
3.580321285140562360e+00 5.299432672221861020e-11
3.600401606425702727e+00 5.147336831868599736e-11
3.620481927710843539e+00 4.994786129914690126e-11
3.640562248995983907e+00 4.842230264577846646e-11
3.660642570281124719e+00 4.690079938702753678e-11
3.680722891566265087e+00 4.538709993426375390e-11
3.700803212851405455e+00 4.388462687809826072e-11
3.720883534136546267e+00 4.239651185140275424e-11
3.740963855421686635e+00 4.092563382857481304e-11
3.761044176706827447e+00 3.947466296257822374e-11
3.781124497991967814e+00 3.804611266449664119e-11
3.801204819277108626e+00 3.664240297202435098e-11
3.821285140562248994e+00 3.526593817981268224e-11
3.841365461847389362e+00 3.391920106728223294e-11
3.861445783132530174e+00 3.260486475051461740e-11
3.881526104417670542e+00 3.132592117575029012e-11
3.901606425702811354e+00 3.008582264662996304e-11
3.921686746987951722e+00 2.888862974838914868e-11
3.941767068273092534e+00 2.773915593473971485e-11
3.961847389558232901e+00 2.664309630106405651e-11
3.981927710843373269e+00 2.560712613673739274e-11
4.002008032128514081e+00 2.463895414628141977e-11
4.022088353413654893e+00 2.374731605724792008e-11
4.042168674698794817e+00 2.294189682244633755e-11
4.062248995983935629e+00 2.223317369641540028e-11
4.082329317269076441e+00 2.163217782944545277e-11
4.102409638554217253e+00 2.115017820330921240e-11
4.122489959839357176e+00 2.079829813402640575e-11
4.142570281124497988e+00 2.058708054493993573e-11
4.162650602409638800e+00 2.052602316063495048e-11
4.182730923694778724e+00 2.062310819212795468e-11
4.202811244979919536e+00 2.088435264685461692e-11
4.222891566265060348e+00 2.131340497225588050e-11
4.242971887550201160e+00 2.191121140038331410e-11
4.263052208835341084e+00 2.267577135496671833e-11
4.283132530120481896e+00 2.360199600390465107e-11
4.303212851405622708e+00 2.468167796862514111e-11
4.323293172690762631e+00 2.590357384778931040e-11
4.343373493975903443e+00 2.725359506548619319e-11
4.363453815261044255e+00 2.871509703793084740e-11
4.383534136546185067e+00 3.026925209740242719e-11
4.403614457831324991e+00 3.189548823628542222e-11
4.423694779116465803e+00 3.357197364204682690e-11
4.443775100401606615e+00 3.527612618418608998e-11
4.463855421686746539e+00 3.698512739518336411e-11
4.483935742971887350e+00 3.867642189895417389e-11
4.504016064257028162e+00 4.032818547610637169e-11
4.524096385542168974e+00 4.191974778558445742e-11
4.544176706827309786e+00 4.343195895357046095e-11
4.564257028112449710e+00 4.484749257198064521e-11
4.584337349397590522e+00 4.615108092477321661e-11
4.604417670682730446e+00 4.732968131807995794e-11
4.624497991967871258e+00 4.837257510517428641e-11
4.644578313253012070e+00 4.927140328365620412e-11
4.664658634538152882e+00 5.002014435152234821e-11
4.684738955823293693e+00 5.061504142626621802e-11
4.704819277108433617e+00 5.105448647082919387e-11
4.724899598393574429e+00 5.133886986892731337e-11
4.744979919678714353e+00 5.147040360350264272e-11
4.765060240963855165e+00 5.145292597987652764e-11
4.785140562248995977e+00 5.129169526872329711e-11
4.805220883534136789e+00 5.099317889256302549e-11
4.825301204819277601e+00 5.056484390871651817e-11
4.845381526104417524e+00 5.001495361060442992e-11
4.865461847389558336e+00 4.935237412840044501e-11
4.885542168674698260e+00 4.858639400031541715e-11
4.905622489959839072e+00 4.772655883836717355e-11
4.925702811244979884e+00 4.678252244918570477e-11
4.945783132530120696e+00 4.576391510451813194e-11
4.965863453815261508e+00 4.468022909363513037e-11
4.985943775100401432e+00 4.354072123081690632e-11
5.006024096385542244e+00 4.235433163093885616e-11
5.026104417670682167e+00 4.112961779702574623e-11
5.046184738955822979e+00 3.987470287551907700e-11
5.066265060240963791e+00 3.859723681684521228e-11
5.086345381526104603e+00 3.730436911930763788e-11
5.106425702811245415e+00 3.600273182233777196e-11
5.126506024096385339e+00 3.469843144046185592e-11
5.146586345381526151e+00 3.339704858278205920e-11
5.166666666666666963e+00 3.210364407634007969e-11
5.186746987951806886e+00 3.082277049869851191e-11
5.206827309236947698e+00 2.955848811994270632e-11
5.226907630522088510e+00 2.831438435270654753e-11
5.246987951807229322e+00 2.709359590740334892e-11
5.267068273092369246e+00 2.589883294610029811e-11
5.287148594377510058e+00 2.473240462057443767e-11
5.307228915662650870e+00 2.359624546671907829e-11
5.327309236947790794e+00 2.249194220764926996e-11
5.347389558232931606e+00 2.142076059084257913e-11
5.367469879518072418e+00 2.038367194984103919e-11
5.387550200803213230e+00 1.938137923796920560e-11
5.407630522088353153e+00 1.841434232991156200e-11
5.427710843373493965e+00 1.748280242682463317e-11
5.447791164658634777e+00 1.658680543230848429e-11
5.467871485943774701e+00 1.572622419085795949e-11
5.487951807228915513e+00 1.490077949868990339e-11
5.508032128514056325e+00 1.411005981085673347e-11
5.528112449799197137e+00 1.335353958035472121e-11
5.548192771084337949e+00 1.263059617661542571e-11
5.568273092369477872e+00 1.194052534419408305e-11
5.588353413654618684e+00 1.128255517901323273e-11
5.608433734939758608e+00 1.065585861984584064e-11
5.628514056224899420e+00 1.005956447666888551e-11
5.648594377510040232e+00 9.492767044126539905e-12
5.668674698795181044e+00 8.954534375972190781e-12
5.688755020080321856e+00 8.443915322951662866e-12
5.708835341365461780e+00 7.959945459941954892e-12
5.728915662650602592e+00 7.501652046247461649e-12
5.748995983935742515e+00 7.068058174194531901e-12
5.769076305220883327e+00 6.658186264610266777e-12
5.789156626506024139e+00 6.271061063216972070e-12
5.809236947791164951e+00 5.905712279941330184e-12
5.829317269076305763e+00 5.561176994794986012e-12
5.849397590361445687e+00 5.236501930968406653e-12
5.869477911646586499e+00 4.930745670009987814e-12
5.889558232931726423e+00 4.642980857418857463e-12
5.909638554216867234e+00 4.372296421517018923e-12
5.929718875502008046e+00 4.117799805662064994e-12
5.949799196787148858e+00 3.878619194904080155e-12
5.969879518072289670e+00 3.653905703837513883e-12
5.989959839357429594e+00 3.442835482966090705e-12
6.010040160642570406e+00 3.244611696305708004e-12
6.030120481927710330e+00 3.058466322784376425e-12
6.050200803212851142e+00 2.883661737601525158e-12
6.070281124497991954e+00 2.719492036271615103e-12
6.090361445783132766e+00 2.565284072718961493e-12
6.110441767068273577e+00 2.420398192644786165e-12
6.130522088353413501e+00 2.284228653652827444e-12
6.150602409638554313e+00 2.156203733609788338e-12
6.170682730923694237e+00 2.035785537882255187e-12
6.190763052208835049e+00 1.922469524030603407e-12
6.210843373493975861e+00 1.815783768997879249e-12
6.230923694779116673e+00 1.715288008682997599e-12
6.251004016064257485e+00 1.620572483024431104e-12
6.271084337349397408e+00 1.531256621423347924e-12
6.291164658634538220e+00 1.446987603653386866e-12
6.311244979919678144e+00 1.367438830531652011e-12
6.331325301204818956e+00 1.292308336780067537e-12
6.351405622489959768e+00 1.221317175913969221e-12
6.371485943775100580e+00 1.154207803873797202e-12
6.391566265060241392e+00 1.090742484668869014e-12
6.411646586345381316e+00 1.030701737707282287e-12
6.431726907630522128e+00 9.738828428942718740e-13
6.451807228915662051e+00 9.200984161146170918e-13
6.471887550200802863e+00 8.691750644660329394e-13
6.491967871485943675e+00 8.209521276467708273e-13
6.512048192771084487e+00 7.752805092639238363e-13
6.532128514056225299e+00 7.320215995415431827e-13
6.552208835341365223e+00 6.910462889740952713e-13
6.572289156626506035e+00 6.522340708824530043e-13
6.592369477911645959e+00 6.154722295676029636e-13
6.612449799196786770e+00 5.806551097952579108e-13
6.632530120481927582e+00 5.476834626521535975e-13
6.652610441767068394e+00 5.164638623584941669e-13
6.672690763052209206e+00 4.869081883673745586e-13
6.692771084337350018e+00 4.589331669977739339e-13
6.712851405622489942e+00 4.324599669017412973e-13
6.732931726907629866e+00 4.074138428298075877e-13
6.753012048192770678e+00 3.837238224055512818e-13
6.773092369477911490e+00 3.613224309277125399e-13
6.793172690763052302e+00 3.401454495666721852e-13
6.813253012048193114e+00 3.201317026948490105e-13
6.833333333333333925e+00 3.012228704738686232e-13
6.853413654618473849e+00 2.833633232042241280e-13
6.873493975903614661e+00 2.664999743168904920e-13
6.893574297188754585e+00 2.505821492444678069e-13
6.913654618473895397e+00 2.355614677471237794e-13
6.933734939759036209e+00 2.213917375828240812e-13
6.953815261044177021e+00 2.080288577000250403e-13
6.973895582329317833e+00 1.954307293934597322e-13
6.993975903614457756e+00 1.835571740997212513e-13
7.014056224899598568e+00 1.723698567197075683e-13
7.034136546184738492e+00 1.618322135407139939e-13
7.054216867469879304e+00 1.519093839934255356e-13
7.074297188755020116e+00 1.425681456199873857e-13
7.094377510040160928e+00 1.337768517503994596e-13
7.114457831325301740e+00 1.255053714876081471e-13
7.134538152610441664e+00 1.177250316886183294e-13
7.154618473895582476e+00 1.104085607015295857e-13
7.174698795180722399e+00 1.035300336783169324e-13
7.194779116465863211e+00 9.706481933199102842e-14
7.214859437751004023e+00 9.098952804602754298e-14
7.234939759036144835e+00 8.528196127493174304e-14
7.255020080321285647e+00 7.992106219880390370e-14
7.275100401606425571e+00 7.488686761284061635e-14
7.295180722891566383e+00 7.016046104585855437e-14
7.315261044176706307e+00 6.572392711101556490e-14
7.335341365461847118e+00 6.156030709766972063e-14
7.355421686746987930e+00 5.765355581644632004e-14
7.375502008032128742e+00 5.398849971059237697e-14
7.395582329317269554e+00 5.055079624611066017e-14
7.415662650602409478e+00 4.732689459135055288e-14
7.435742971887550290e+00 4.430399759404648343e-14
7.455823293172690214e+00 4.147002506051210720e-14
7.475903614457831026e+00 3.881357833803950098e-14
7.495983935742971838e+00 3.632390619772037550e-14
7.516064257028112650e+00 3.399087201102184121e-14
7.536144578313252573e+00 3.180492220965259484e-14
7.556224899598393385e+00 2.975705601461232055e-14
7.576305220883534197e+00 2.783879641690609712e-14
7.596385542168675009e+00 2.604216238925962159e-14
7.616465863453814933e+00 2.435964230533157750e-14
7.636546184738955745e+00 2.278416854039050733e-14
7.656626506024096557e+00 2.130909322522151956e-14
7.676706827309237369e+00 1.992816512314212039e-14
7.696787148594377292e+00 1.863550759843794596e-14
7.716867469879518104e+00 1.742559764325523001e-14
7.736947791164658916e+00 1.629324592900039035e-14
7.757028112449798840e+00 1.523357784757082562e-14
7.777108433734939652e+00 1.424201550726363347e-14
7.797188755020080464e+00 1.331426064795234764e-14
7.817269076305221276e+00 1.244627844006766637e-14
7.837349397590361200e+00 1.163428213204740703e-14
7.857429718875502012e+00 1.087471851120928235e-14
7.877510040160642824e+00 1.016425414343201854e-14
7.897590361445782747e+00 9.499762357583279590e-15
7.917670682730923559e+00 8.878310941293609144e-15
7.937751004016064371e+00 8.297150515424941466e-15
7.957831325301205183e+00 7.753703555405180953e-15
7.977911646586345107e+00 7.245554028486031987e-15
7.997991967871485919e+00 6.770437616913369563e-15
8.018072289156627619e+00 6.326232497969945932e-15
8.038152610441766655e+00 5.910950652846260058e-15
8.058232931726907466e+00 5.522729677310000651e-15
8.078313253012048278e+00 5.159825068169584121e-15
8.098393574297189090e+00 4.820602960552402745e-15
8.118473895582329902e+00 4.503533292043415821e-15
8.138554216867468938e+00 4.207183370743435184e-15
8.158634538152611526e+00 3.930211825307717369e-15
8.178714859437750562e+00 3.671362916010109599e-15
8.198795180722891374e+00 3.429461186839839090e-15
8.218875502008032186e+00 3.203406439580524370e-15
8.238955823293172998e+00 2.992169011733584994e-15
8.259036144578313809e+00 2.794785341037529438e-15
8.279116465863452845e+00 2.610353800193191653e-15
8.299196787148595433e+00 2.438030786235013175e-15
8.319277108433734469e+00 2.277027049788769460e-15
8.339357429718875281e+00 2.126604250224622530e-15
8.359437751004016093e+00 1.986071723454672399e-15
8.379518072289156905e+00 1.854783449831234950e-15
8.399598393574297717e+00 1.732135210281131345e-15
8.419678714859436752e+00 1.617561919459162731e-15
8.439759036144579341e+00 1.510535125322906385e-15
8.459839357429718376e+00 1.410560665121435342e-15
8.479919678714859188e+00 1.317176468352127237e-15
8.500000000000000000e+00 1.229950497775490647e-15
