# log10(T) rate(cm^3/s)
# Total Recomb Rates
3.500000000000000000e+00 3.386993784327500520e-11
3.520080321285140368e+00 3.291879533686103608e-11
3.540160642570281180e+00 3.200622298768831346e-11
3.560240963855421548e+00 3.113365249825345191e-11
3.580321285140562360e+00 3.030270770629622470e-11
3.600401606425702727e+00 2.951515788351783016e-11
3.620481927710843539e+00 2.877285618409150622e-11
3.640562248995983907e+00 2.807766436744335436e-11
3.660642570281124719e+00 2.743136604288567907e-11
3.680722891566265087e+00 2.683557174303717723e-11
3.700803212851405455e+00 2.629162002228286135e-11
3.720883534136546267e+00 2.580047940423940363e-11
3.740963855421686635e+00 2.536265630370954192e-11
3.761044176706827447e+00 2.497811399522543673e-11
3.781124497991967814e+00 2.464620730354692937e-11
3.801204819277108626e+00 2.436563700256882298e-11
3.821285140562248994e+00 2.413442701302970829e-11
3.841365461847389362e+00 2.394992649443156058e-11
3.861445783132530174e+00 2.380883794910416924e-11
3.881526104417670542e+00 2.370727160266167327e-11
3.901606425702811354e+00 2.364082567148326210e-11
3.921686746987951722e+00 2.360469170212268625e-11
3.941767068273092534e+00 2.359378393595413829e-11
3.961847389558232901e+00 2.360289151623336769e-11
3.981927710843373269e+00 2.362685216075000094e-11
4.002008032128514081e+00 2.366074548871871002e-11
4.022088353413654893e+00 2.370010334219173437e-11
4.042168674698794817e+00 2.374113306208163522e-11
4.062248995983935629e+00 2.378094774812851384e-11
4.082329317269076441e+00 2.381779516231183720e-11
4.102409638554217253e+00 2.385127437620432662e-11
4.122489959839357176e+00 2.388252688267664789e-11
4.142570281124497988e+00 2.391438712904048952e-11
4.162650602409638800e+00 2.395147672019941912e-11
4.182730923694778724e+00 2.400022724647892623e-11
4.202811244979919536e+00 2.406881902105519491e-11
4.222891566265060348e+00 2.416702697426385382e-11
4.242971887550201160e+00 2.430597033305769303e-11
4.263052208835341084e+00 2.449776909441208559e-11
4.283132530120481896e+00 2.475511710593438676e-11
4.303212851405622708e+00 2.509078813678130333e-11
4.323293172690762631e+00 2.551709700120129634e-11
4.343373493975903443e+00 2.604534201532910362e-11
4.363453815261044255e+00 2.668525740916719627e-11
4.383534136546185067e+00 2.744450456253426322e-11
4.403614457831324991e+00 2.832822908340093053e-11
4.423694779116465803e+00 2.933870699958345214e-11
4.443775100401606615e+00 3.047509805787252361e-11
4.463855421686746539e+00 3.173331780209258507e-11
4.483935742971887350e+00 3.310603327411644945e-11
4.504016064257028162e+00 3.458278038898970989e-11
4.524096385542168974e+00 3.615019476433501759e-11
4.544176706827309786e+00 3.779234243154944512e-11
4.564257028112449710e+00 3.949113270352695789e-11
4.584337349397590522e+00 4.122679267804067090e-11
4.604417670682730446e+00 4.297838145439932546e-11
4.624497991967871258e+00 4.472432206421765204e-11
4.644578313253012070e+00 4.644293021079646638e-11
4.664658634538152882e+00 4.811292096144924301e-11
4.684738955823293693e+00 4.971387729469288781e-11
4.704819277108433617e+00 5.122666761115514700e-11
4.724899598393574429e+00 5.263380272581958140e-11
4.744979919678714353e+00 5.391972624965639850e-11
4.765060240963855165e+00 5.507103545940297417e-11
4.785140562248995977e+00 5.607663260909795581e-11
4.805220883534136789e+00 5.692780906666552224e-11
4.825301204819277601e+00 5.761826661847186545e-11
4.845381526104417524e+00 5.814408176802678402e-11
4.865461847389558336e+00 5.850361988613520309e-11
4.885542168674698260e+00 5.869740669454937788e-11
4.905622489959839072e+00 5.872796484164558575e-11
4.925702811244979884e+00 5.859962331921923998e-11
4.945783132530120696e+00 5.831830723438976631e-11
4.965863453815261508e+00 5.789131504353436346e-11
4.985943775100401432e+00 5.732708982110317812e-11
5.006024096385542244e+00 5.663499051097287826e-11
5.026104417670682167e+00 5.582506841947996047e-11
5.046184738955822979e+00 5.490785347906529880e-11
5.066265060240963791e+00 5.389415405716215590e-11
5.086345381526104603e+00 5.279487332207076674e-11
5.106425702811245415e+00 5.162084442093792010e-11
5.126506024096385339e+00 5.038268598951538655e-11
5.146586345381526151e+00 4.909067881420625138e-11
5.166666666666666963e+00 4.775466381884520411e-11
5.186746987951806886e+00 4.638396096547218671e-11
5.206827309236947698e+00 4.498730815188799111e-11
5.226907630522088510e+00 4.357281876808651554e-11
5.246987951807229322e+00 4.214795624441108222e-11
5.267068273092369246e+00 4.071952368842450142e-11
5.287148594377510058e+00 3.929366656316824941e-11
5.307228915662650870e+00 3.787588630136313828e-11
5.327309236947790794e+00 3.647106276974708795e-11
5.347389558232931606e+00 3.508348358434893292e-11
5.367469879518072418e+00 3.371687841857533131e-11
5.387550200803213230e+00 3.237445662819468485e-11
5.407630522088353153e+00 3.105894672718848642e-11
5.427710843373493965e+00 2.977263647314821588e-11
5.447791164658634777e+00 2.851741254878205371e-11
5.467871485943774701e+00 2.729479904717322641e-11
5.487951807228915513e+00 2.610599417471543321e-11
5.508032128514056325e+00 2.495190477126621038e-11
5.528112449799197137e+00 2.383317840824904848e-11
5.548192771084337949e+00 2.275023296037070198e-11
5.568273092369477872e+00 2.170328365508245989e-11
5.588353413654618684e+00 2.069236768692297416e-11
5.608433734939758608e+00 1.971736654326257923e-11
5.628514056224899420e+00 1.877802622597527417e-11
5.648594377510040232e+00 1.787397557260123480e-11
5.668674698795181044e+00 1.700474288300791102e-11
5.688755020080321856e+00 1.616977104579543072e-11
5.708835341365461780e+00 1.536843133518531978e-11
5.728915662650602592e+00 1.460003601662381138e-11
5.748995983935742515e+00 1.386384986098058883e-11
5.769076305220883327e+00 1.315910062665713993e-11
5.789156626506024139e+00 1.248498853013609211e-11
5.809236947791164951e+00 1.184069469258011235e-11
5.829317269076305763e+00 1.122538852678754139e-11
5.849397590361445687e+00 1.063823401807011418e-11
5.869477911646586499e+00 1.007839485611691642e-11
5.889558232931726423e+00 9.545038392743377710e-12
5.909638554216867234e+00 9.037338430990434969e-12
5.929718875502008046e+00 8.554476891173708158e-12
5.949799196787148858e+00 8.095644444810811037e-12
5.969879518072289670e+00 7.660040252847729087e-12
5.989959839357429594e+00 7.246870985188546734e-12
6.010040160642570406e+00 6.855349329718162968e-12
6.030120481927710330e+00 6.484692217401167483e-12
6.050200803212851142e+00 6.134118993687851335e-12
6.070281124497991954e+00 5.802849754995507615e-12
6.090361445783132766e+00 5.490104043608038272e-12
6.110441767068273577e+00 5.195100057386387611e-12
6.130522088353413501e+00 4.917054485554973345e-12
6.150602409638554313e+00 4.655183032369320261e-12
6.170682730923694237e+00 4.408701640581973707e-12
6.190763052208835049e+00 4.176828379893087511e-12
6.210843373493975861e+00 3.958785924973581523e-12
6.230923694779116673e+00 3.753804515348124414e-12
6.251004016064257485e+00 3.561125266706215722e-12
6.271084337349397408e+00 3.380003690479904671e-12
6.291164658634538220e+00 3.209713275418766581e-12
6.311244979919678144e+00 3.049548990409003461e-12
6.331325301204818956e+00 2.898830580474599975e-12
6.351405622489959768e+00 2.756905546049946477e-12
6.371485943775100580e+00 2.623151717414383381e-12
6.391566265060241392e+00 2.496979359875118591e-12
6.411646586345381316e+00 2.377832769286466168e-12
6.431726907630522128e+00 2.265191340459453846e-12
6.451807228915662051e+00 2.158570111895214069e-12
6.471887550200802863e+00 2.057519808321182696e-12
6.491967871485943675e+00 1.961626417267792656e-12
6.512048192771084487e+00 1.870510347204197055e-12
6.532128514056225299e+00 1.783825222587872019e-12
6.552208835341365223e+00 1.701256375782347555e-12
6.572289156626506035e+00 1.622519097495565820e-12
6.592369477911645959e+00 1.547356706606134473e-12
6.612449799196786770e+00 1.475538497434832074e-12
6.632530120481927582e+00 1.406857618151713313e-12
6.652610441767068394e+00 1.341128928532900662e-12
6.672690763052209206e+00 1.278186879106822941e-12
6.692771084337350018e+00 1.217883447217043149e-12
6.712851405622489942e+00 1.160086158980953716e-12
6.732931726907629866e+00 1.104676219783842008e-12
6.753012048192770678e+00 1.051546770001704859e-12
6.773092369477911490e+00 1.000601277225486551e-12
6.793172690763052302e+00 9.517520714483116676e-13
6.813253012048193114e+00 9.049190255191202437e-13
6.833333333333333925e+00 8.600283796704907406e-13
6.853413654618473849e+00 8.170117060788091003e-13
6.873493975903614661e+00 7.758050071746844750e-13
6.893574297188754585e+00 7.363479397403887084e-13
6.913654618473895397e+00 6.985831556498129567e-13
6.933734939759036209e+00 6.624557493617886134e-13
6.953815261044177021e+00 6.279128019046424283e-13
6.973895582329317833e+00 5.949030110260083164e-13
6.993975903614457756e+00 5.633763973675157855e-13
7.014056224899598568e+00 5.332840769046290565e-13
7.034136546184738492e+00 5.045780904187801626e-13
7.054216867469879304e+00 4.772112813990827211e-13
7.074297188755020116e+00 4.511372144678778644e-13
7.094377510040160928e+00 4.263101271571136138e-13
7.114457831325301740e+00 4.026849086061905641e-13
7.134538152610441664e+00 3.802170994861438940e-13
7.154618473895582476e+00 3.588629081644658151e-13
7.174698795180722399e+00 3.385792387979976115e-13
7.194779116465863211e+00 3.193237276699568357e-13
7.214859437751004023e+00 3.010547846663114132e-13
7.234939759036144835e+00 2.837316373133205019e-13
7.255020080321285647e+00 2.673143752714748813e-13
7.275100401606425571e+00 2.517639936017319776e-13
7.295180722891566383e+00 2.370424334897027898e-13
7.315261044176706307e+00 2.231126194349047572e-13
7.335341365461847118e+00 2.099384921884737700e-13
7.355421686746987930e+00 1.974850369574783810e-13
7.375502008032128742e+00 1.857183065908037105e-13
7.395582329317269554e+00 1.746054396243908479e-13
7.415662650602409478e+00 1.641146731960665741e-13
7.435742971887550290e+00 1.542153509459258275e-13
7.455823293172690214e+00 1.448779261006425380e-13
7.475903614457831026e+00 1.360739600023252476e-13
7.495983935742971838e+00 1.277761163875959428e-13
7.516064257028112650e+00 1.199581517530257303e-13
7.536144578313252573e+00 1.125949021613936371e-13
7.556224899598393385e+00 1.056622668515052429e-13
7.576305220883534197e+00 9.913718901445034356e-14
7.596385542168675009e+00 9.299763409279700702e-14
7.616465863453814933e+00 8.722256594778366687e-14
7.636546184738955745e+00 8.179192122426372596e-14
7.656626506024096557e+00 7.668658222505379577e-14
7.676706827309237369e+00 7.188834858628501357e-14
7.696787148594377292e+00 6.737990802411790435e-14
7.716867469879518104e+00 6.314480640132536412e-14
7.736947791164658916e+00 5.916741734028819594e-14
7.757028112449798840e+00 5.543291158724905724e-14
7.777108433734939652e+00 5.192722631156402262e-14
7.797188755020080464e+00 4.863703450338491594e-14
7.817269076305221276e+00 4.554971461388088476e-14
7.837349397590361200e+00 4.265332056388966658e-14
7.857429718875502012e+00 3.993655222984116332e-14
7.877510040160642824e+00 3.738872649997329653e-14
7.897590361445782747e+00 3.499974897926327983e-14
7.917670682730923559e+00 3.276008640813106789e-14
7.937751004016064371e+00 3.066073984779891691e-14
7.957831325301205183e+00 2.869321867417110983e-14
7.977911646586345107e+00 2.684951541219010599e-14
7.997991967871485919e+00 2.512208143375984076e-14
8.018072289156627619e+00 2.350380353445081554e-14
8.038152610441766655e+00 2.198798139724242640e-14
8.058232931726907466e+00 2.056830594545470483e-14
8.078313253012048278e+00 1.923883858171046453e-14
8.098393574297189090e+00 1.799399130517004775e-14
8.118473895582329902e+00 1.682850769535544239e-14
8.138554216867468938e+00 1.573744474754562212e-14
8.158634538152611526e+00 1.471615554193572001e-14
8.178714859437750562e+00 1.376027272645413112e-14
8.198795180722891374e+00 1.286569279126190658e-14
8.218875502008032186e+00 1.202856111149297819e-14
8.238955823293172998e+00 1.124525773365763055e-14
8.259036144578313809e+00 1.051238388031452588e-14
8.279116465863452845e+00 9.826749147059674743e-15
8.299196787148595433e+00 9.185359365561102507e-15
8.319277108433734469e+00 8.585405106252581059e-15
8.339357429718875281e+00 8.024250794355088101e-15
8.359437751004016093e+00 7.499424413108358766e-15
8.379518072289156905e+00 7.008607768425954000e-15
8.399598393574297717e+00 6.549627289633569758e-15
8.419678714859436752e+00 6.120445341480597590e-15
8.439759036144579341e+00 5.719152023219120755e-15
8.459839357429718376e+00 5.343957431208131636e-15
8.479919678714859188e+00 4.993184362206351278e-15
8.500000000000000000e+00 4.665261435262770494e-15
