# log10(T) rate(cm^3/s)
# Total Recomb Rates
3.500000000000000000e+00 1.160396081857785236e-11
3.520080321285140368e+00 1.121599386115058888e-11
3.540160642570281180e+00 1.084442772024972062e-11
3.560240963855421548e+00 1.048830720056188441e-11
3.580321285140562360e+00 1.014667851288689282e-11
3.600401606425702727e+00 9.818602020394427727e-12
3.620481927710843539e+00 9.503166025063037700e-12
3.640562248995983907e+00 9.199500904224983956e-12
3.660642570281124719e+00 8.906792918355979428e-12
3.680722891566265087e+00 8.624297029833592565e-12
3.700803212851405455e+00 8.351348101383823149e-12
3.720883534136546267e+00 8.087369887903717894e-12
3.740963855421686635e+00 7.831881302777246678e-12
3.761044176706827447e+00 7.584499535208578416e-12
3.781124497991967814e+00 7.344939721207762861e-12
3.801204819277108626e+00 7.113011026279604773e-12
3.821285140562248994e+00 6.888609176494464947e-12
3.841365461847389362e+00 6.671705666001156622e-12
3.861445783132530174e+00 6.462334059555291054e-12
3.881526104417670542e+00 6.260573983387750879e-12
3.901606425702811354e+00 6.066533542890683569e-12
3.921686746987951722e+00 5.880331010837179586e-12
3.941767068273092534e+00 5.702076690688504168e-12
3.961847389558232901e+00 5.531855879167798246e-12
3.981927710843373269e+00 5.369713842570594477e-12
4.002008032128514081e+00 5.215643702538386971e-12
4.022088353413654893e+00 5.069578125816997184e-12
4.042168674698794817e+00 4.931385757176976467e-12
4.062248995983935629e+00 4.800873448092837246e-12
4.082329317269076441e+00 4.677795524132159867e-12
4.102409638554217253e+00 4.561871584728234025e-12
4.122489959839357176e+00 4.452814590682564188e-12
4.142570281124497988e+00 4.350371182152979767e-12
4.162650602409638800e+00 4.254376167436218581e-12
4.182730923694778724e+00 4.164822800224794025e-12
4.202811244979919536e+00 4.081949700524669008e-12
4.222891566265060348e+00 4.006343994580539978e-12
4.242971887550201160e+00 3.939058448122171463e-12
4.263052208835341084e+00 3.881738138257314661e-12
4.283132530120481896e+00 3.836749750734839348e-12
4.303212851405622708e+00 3.807304192202009780e-12
4.323293172690762631e+00 3.797561222009314083e-12
4.343373493975903443e+00 3.812703594784517346e-12
4.363453815261044255e+00 3.858968073601088712e-12
4.383534136546185067e+00 3.943621828508087473e-12
4.403614457831324991e+00 4.074875232136195561e-12
4.423694779116465803e+00 4.261725788925239313e-12
4.443775100401606615e+00 4.513732608499046816e-12
4.463855421686746539e+00 4.840726044262219126e-12
4.483935742971887350e+00 5.252462370009766559e-12
4.504016064257028162e+00 5.758238144642745023e-12
4.524096385542168974e+00 6.366482746291684814e-12
4.544176706827309786e+00 7.084350070345798250e-12
4.564257028112449710e+00 7.917331349013481422e-12
4.584337349397590522e+00 8.868910390857749706e-12
4.604417670682730446e+00 9.940280343783330901e-12
4.624497991967871258e+00 1.113013757970792500e-11
4.644578313253012070e+00 1.243456381422748114e-11
4.664658634538152882e+00 1.384700250363918039e-11
4.684738955823293693e+00 1.535833031730016083e-11
4.704819277108433617e+00 1.695701945632766881e-11
4.724899598393574429e+00 1.862938211602042691e-11
4.744979919678714353e+00 2.035988472699958491e-11
4.765060240963855165e+00 2.213151692656831307e-11
4.785140562248995977e+00 2.392619858264385200e-11
4.805220883534136789e+00 2.572520760802898724e-11
4.825301204819277601e+00 2.750961168097793100e-11
4.845381526104417524e+00 2.926068819259161611e-11
4.865461847389558336e+00 3.096031860044552591e-11
4.885542168674698260e+00 3.259134569168581905e-11
4.905622489959839072e+00 3.413788485753961225e-11
4.925702811244979884e+00 3.558558317730837405e-11
4.945783132530120696e+00 3.692182274852473051e-11
4.965863453815261508e+00 3.813586715483550149e-11
4.985943775100401432e+00 3.921895213978734285e-11
5.006024096385542244e+00 4.016432339016566403e-11
5.026104417670682167e+00 4.096722579354644966e-11
5.046184738955822979e+00 4.162484961375183453e-11
5.066265060240963791e+00 4.213623973861558922e-11
5.086345381526104603e+00 4.250217452670420150e-11
5.106425702811245415e+00 4.272502085445404824e-11
5.126506024096385339e+00 4.280857179031091829e-11
5.146586345381526151e+00 4.275787294835522035e-11
5.166666666666666963e+00 4.257904305054136874e-11
5.186746987951806886e+00 4.227909360109555084e-11
5.206827309236947698e+00 4.186575189114386841e-11
5.226907630522088510e+00 4.134729084285417056e-11
5.246987951807229322e+00 4.073236850056323082e-11
5.267068273092369246e+00 4.002987930546889278e-11
5.287148594377510058e+00 3.924881866836552440e-11
5.307228915662650870e+00 3.839816179391304592e-11
5.327309236947790794e+00 3.748675721749357112e-11
5.347389558232931606e+00 3.652323509514551951e-11
5.367469879518072418e+00 3.551592993832823122e-11
5.387550200803213230e+00 3.447281720570844058e-11
5.407630522088353153e+00 3.340146294920051885e-11
5.427710843373493965e+00 3.230898555524142379e-11
5.447791164658634777e+00 3.120202851806577727e-11
5.467871485943774701e+00 3.008674312252670662e-11
5.487951807228915513e+00 2.896877989274412477e-11
5.508032128514056325e+00 2.785328767275516250e-11
5.528112449799197137e+00 2.674491924003870077e-11
5.548192771084337949e+00 2.564784240650549932e-11
5.568273092369477872e+00 2.456575562913707318e-11
5.588353413654618684e+00 2.350190722945172569e-11
5.608433734939758608e+00 2.245911740357335264e-11
5.628514056224899420e+00 2.143980228971477942e-11
5.648594377510040232e+00 2.044599944481309975e-11
5.668674698795181044e+00 1.947939416484600603e-11
5.688755020080321856e+00 1.854134616249736594e-11
5.708835341365461780e+00 1.763291619021249666e-11
5.728915662650602592e+00 1.675489226554442209e-11
5.748995983935742515e+00 1.590781521859399793e-11
5.769076305220883327e+00 1.509200333808303937e-11
5.789156626506024139e+00 1.430757594316924428e-11
5.809236947791164951e+00 1.355447575265170334e-11
5.829317269076305763e+00 1.283248996199169101e-11
5.849397590361445687e+00 1.214126997191942754e-11
5.869477911646586499e+00 1.148034974070899619e-11
5.889558232931726423e+00 1.084916275590706615e-11
5.909638554216867234e+00 1.024705764083125667e-11
5.929718875502008046e+00 9.673312426956195607e-12
5.949799196787148858e+00 9.127147535799722306e-12
5.969879518072289670e+00 8.607737523523931759e-12
5.989959839357429594e+00 8.114221648555481608e-12
6.010040160642570406e+00 7.645713327465295941e-12
6.030120481927710330e+00 7.201308547455877697e-12
6.050200803212851142e+00 6.780093305378022520e-12
6.070281124497991954e+00 6.381150143506563340e-12
6.090361445783132766e+00 6.003563851576705726e-12
6.110441767068273577e+00 5.646426403029947786e-12
6.130522088353413501e+00 5.308841191218142223e-12
6.150602409638554313e+00 4.989926628622812778e-12
6.170682730923694237e+00 4.688819169097612083e-12
6.190763052208835049e+00 4.404675809845762171e-12
6.210843373493975861e+00 4.136676126398704542e-12
6.230923694779116673e+00 3.884023890341608213e-12
6.251004016064257485e+00 3.645948316003467812e-12
6.271084337349397408e+00 3.421704978842997817e-12
6.291164658634538220e+00 3.210576444858680115e-12
6.311244979919678144e+00 3.011872647063358661e-12
6.331325301204818956e+00 2.824931041913465732e-12
6.351405622489959768e+00 2.649116575588810795e-12
6.371485943775100580e+00 2.483821487190106823e-12
6.391566265060241392e+00 2.328464973266618793e-12
6.411646586345381316e+00 2.182492735606901736e-12
6.431726907630522128e+00 2.045376431922075033e-12
6.451807228915662051e+00 1.916613046920534607e-12
6.471887550200802863e+00 1.795724199310536828e-12
6.491967871485943675e+00 1.682255398467320267e-12
6.512048192771084487e+00 1.575775262856185737e-12
6.532128514056225299e+00 1.475874710805386972e-12
6.552208835341365223e+00 1.382166132863572239e-12
6.572289156626506035e+00 1.294282553747616155e-12
6.592369477911645959e+00 1.211876790779273372e-12
6.612449799196786770e+00 1.134620614714102003e-12
6.632530120481927582e+00 1.062203917975689575e-12
6.652610441767068394e+00 9.943338945133415867e-13
6.672690763052209206e+00 9.307342347948641705e-13
6.692771084337350018e+00 8.711443388197969006e-13
6.712851405622489942e+00 8.153185494855847119e-13
6.732931726907629866e+00 7.630254081528401468e-13
6.753012048192770678e+00 7.140469338298752729e-13
6.773092369477911490e+00 6.681779270250110430e-13
6.793172690763052302e+00 6.252252989925766771e-13
6.813253012048193114e+00 5.850074268198632597e-13
6.833333333333333925e+00 5.473535345629385309e-13
6.853413654618473849e+00 5.121031004350214546e-13
6.873493975903614661e+00 4.791052898781064675e-13
6.893574297188754585e+00 4.482184142032640631e-13
6.913654618473895397e+00 4.193094143641906242e-13
6.933734939759036209e+00 3.922533693294613202e-13
6.953815261044177021e+00 3.669330284386351559e-13
6.973895582329317833e+00 3.432383670638093627e-13
6.993975903614457756e+00 3.210661648490670453e-13
7.014056224899598568e+00 3.003196057637314983e-13
7.034136546184738492e+00 2.809078991797085650e-13
7.054216867469879304e+00 2.627459211668800659e-13
7.074297188755020116e+00 2.457538751923007650e-13
7.094377510040160928e+00 2.298569714074621201e-13
7.114457831325301740e+00 2.149851237122420152e-13
7.134538152610441664e+00 2.010726637932900393e-13
7.154618473895582476e+00 1.880580713477500653e-13
7.174698795180722399e+00 1.758837197196626799e-13
7.194779116465863211e+00 1.644956361954415226e-13
7.214859437751004023e+00 1.538432762260276019e-13
7.234939759036144835e+00 1.438793108660804917e-13
7.255020080321285647e+00 1.345594267445867486e-13
7.275100401606425571e+00 1.258421379060919059e-13
7.295180722891566383e+00 1.176886088871441888e-13
7.315261044176706307e+00 1.100624884182021577e-13
7.335341365461847118e+00 1.029297531669575734e-13
7.355421686746987930e+00 9.625856096462695812e-14
7.375502008032128742e+00 9.001911298204440855e-14
7.395582329317269554e+00 8.418352434728280855e-14
7.415662650602409478e+00 7.872570272088604856e-14
7.435742971887550290e+00 7.362123436855206454e-14
7.455823293172690214e+00 6.884727729419569959e-14
7.475903614457831026e+00 6.438246101867177395e-14
7.495983935742971838e+00 6.020679261105222508e-14
7.516064257028112650e+00 5.630156860015017284e-14
7.536144578313252573e+00 5.264929241400093330e-14
7.556224899598393385e+00 4.923359701419849730e-14
7.576305220883534197e+00 4.603917241037084764e-14
7.596385542168675009e+00 4.305169775764174828e-14
7.616465863453814933e+00 4.025777775670199933e-14
7.636546184738955745e+00 3.764488309209216709e-14
7.656626506024096557e+00 3.520129465951443528e-14
7.676706827309237369e+00 3.291605134744974467e-14
7.696787148594377292e+00 3.077890115209337795e-14
7.716867469879518104e+00 2.878025541764653725e-14
7.736947791164658916e+00 2.691114600635000311e-14
7.757028112449798840e+00 2.516318521433126865e-14
7.777108433734939652e+00 2.352852826039914317e-14
7.797188755020080464e+00 2.199983818537128930e-14
7.817269076305221276e+00 2.057025300939399821e-14
7.837349397590361200e+00 1.923335500403605765e-14
7.857429718875502012e+00 1.798314194473018849e-14
7.877510040160642824e+00 1.681400021742666536e-14
7.897590361445782747e+00 1.572067966113308722e-14
7.917670682730923559e+00 1.469827003537170150e-14
7.937751004016064371e+00 1.374217900850984862e-14
7.957831325301205183e+00 1.284811156943217255e-14
7.977911646586345107e+00 1.201205077115109230e-14
7.997991967871485919e+00 1.123023972070992047e-14
8.018072289156627619e+00 1.049916473514522528e-14
8.038152610441766655e+00 9.815539588357059330e-15
8.058232931726907466e+00 9.176290778508638459e-15
8.078313253012048278e+00 8.578543750058744968e-15
8.098393574297189090e+00 8.019610008731069277e-15
8.118473895582329902e+00 7.496975071671279031e-15
8.138554216867468938e+00 7.008287198739682533e-15
8.158634538152611526e+00 6.551346854355282148e-15
8.178714859437750562e+00 6.124096852558688522e-15
8.198795180722891374e+00 5.724613141005013502e-15
8.218875502008032186e+00 5.351096182455629746e-15
8.238955823293172998e+00 5.001862895007687312e-15
8.259036144578313809e+00 4.675339114806599036e-15
8.279116465863452845e+00 4.370052547330406756e-15
8.299196787148595433e+00 4.084626175530097341e-15
8.319277108433734469e+00 3.817772095165511033e-15
8.339357429718875281e+00 3.568285749598082689e-15
8.359437751004016093e+00 3.335040538103657817e-15
8.379518072289156905e+00 3.116982773450399414e-15
8.399598393574297717e+00 2.913126966063790587e-15
8.419678714859436752e+00 2.722551413573905318e-15
8.439759036144579341e+00 2.544394075918764968e-15
8.459839357429718376e+00 2.377848717467362466e-15
8.479919678714859188e+00 2.222161298830791353e-15
8.500000000000000000e+00 2.076626602158880967e-15
