# log10(T) rate(cm^3/s)
# Total Recomb Rates
3.500000000000000000e+00 4.167164729504893721e-11
3.520080321285140368e+00 4.040937336035384014e-11
3.540160642570281180e+00 3.918237764543687265e-11
3.560240963855421548e+00 3.798977885038685179e-11
3.580321285140562360e+00 3.683071464157249746e-11
3.600401606425702727e+00 3.570434129124098980e-11
3.620481927710843539e+00 3.460983332565620349e-11
3.640562248995983907e+00 3.354638318144115213e-11
3.660642570281124719e+00 3.251320086979703368e-11
3.680722891566265087e+00 3.150951364828259694e-11
3.700803212851405455e+00 3.053456569984678979e-11
3.720883534136546267e+00 2.958761781881890767e-11
3.740963855421686635e+00 2.866794710357040594e-11
3.761044176706827447e+00 2.777484665557296400e-11
3.781124497991967814e+00 2.690762528458892386e-11
3.801204819277108626e+00 2.606560721973961281e-11
3.821285140562248994e+00 2.524813182620910220e-11
3.841365461847389362e+00 2.445455332735048636e-11
3.861445783132530174e+00 2.368424053197334619e-11
3.881526104417670542e+00 2.293657656660091715e-11
3.901606425702811354e+00 2.221095861249616996e-11
3.921686746987951722e+00 2.150679764726681417e-11
3.941767068273092534e+00 2.082351819086844694e-11
3.961847389558232901e+00 2.016055805583611986e-11
3.981927710843373269e+00 1.951736810158372471e-11
4.002008032128514081e+00 1.889341199262045106e-11
4.022088353413654893e+00 1.828816596054309394e-11
4.042168674698794817e+00 1.770111856967161389e-11
4.062248995983935629e+00 1.713177048620480933e-11
4.082329317269076441e+00 1.657963425078121366e-11
4.102409638554217253e+00 1.604423405433846548e-11
4.122489959839357176e+00 1.552510551717260122e-11
4.142570281124497988e+00 1.502179547110626404e-11
4.162650602409638800e+00 1.453386174468224995e-11
4.182730923694778724e+00 1.406087295130548097e-11
4.202811244979919536e+00 1.360240828026338276e-11
4.222891566265060348e+00 1.315805729056110770e-11
4.242971887550201160e+00 1.272741970751345208e-11
4.263052208835341084e+00 1.231010522204151989e-11
4.283132530120481896e+00 1.190573329262694973e-11
4.303212851405622708e+00 1.151393294988203112e-11
4.323293172690762631e+00 1.113434260369787284e-11
4.343373493975903443e+00 1.076660985293766552e-11
4.363453815261044255e+00 1.041039129764592877e-11
4.383534136546185067e+00 1.006535235374772540e-11
4.403614457831324991e+00 9.731167070215906367e-12
4.423694779116465803e+00 9.407517948686723058e-12
4.443775100401606615e+00 9.094095765507462071e-12
4.463855421686746539e+00 8.790599396201702729e-12
4.483935742971887350e+00 8.496735642340099840e-12
4.504016064257028162e+00 8.212219060806923838e-12
4.524096385542168974e+00 7.936771795453669694e-12
4.544176706827309786e+00 7.670123411133585665e-12
4.564257028112449710e+00 7.412010730112868044e-12
4.584337349397590522e+00 7.162177670857861935e-12
4.604417670682730446e+00 6.920375089203971094e-12
4.624497991967871258e+00 6.686360621923230781e-12
4.644578313253012070e+00 6.459898532729341975e-12
4.664658634538152882e+00 6.240759560797238517e-12
4.684738955823293693e+00 6.028720771941661068e-12
4.704819277108433617e+00 5.823565412714113936e-12
4.724899598393574429e+00 5.625082767870212923e-12
4.744979919678714353e+00 5.433068021982800214e-12
4.765060240963855165e+00 5.247322126516150892e-12
4.785140562248995977e+00 5.067651674577266155e-12
4.805220883534136789e+00 4.893868787038851387e-12
4.825301204819277601e+00 4.725791016096026328e-12
4.845381526104417524e+00 4.563241275963626014e-12
4.865461847389558336e+00 4.406047815759955287e-12
4.885542168674698260e+00 4.254044256988499974e-12
4.905622489959839072e+00 4.107069727497452170e-12
4.925702811244979884e+00 3.964969134994052824e-12
4.945783132530120696e+00 3.827593635124100123e-12
4.965863453815261508e+00 3.694801360157756859e-12
4.985943775100401432e+00 3.566458482344835603e-12
5.006024096385542244e+00 3.442440688901070296e-12
5.026104417670682167e+00 3.322635141913909346e-12
5.046184738955822979e+00 3.206942986175745002e-12
5.066265060240963791e+00 3.095282452969035072e-12
5.086345381526104603e+00 2.987592591985729452e-12
5.106425702811245415e+00 2.883837651871457579e-12
5.126506024096385339e+00 2.784012126914433579e-12
5.146586345381526151e+00 2.688146495130302926e-12
5.166666666666666963e+00 2.596313688675909921e-12
5.186746987951806886e+00 2.508636352331058797e-12
5.206827309236947698e+00 2.425294945025906188e-12
5.226907630522088510e+00 2.346536704718248644e-12
5.246987951807229322e+00 2.272685410486161610e-12
5.267068273092369246e+00 2.204151725493220415e-12
5.287148594377510058e+00 2.141443689685157046e-12
5.307228915662650870e+00 2.085176665880159976e-12
5.327309236947790794e+00 2.036081757535281100e-12
5.347389558232931606e+00 1.995011454593692629e-12
5.367469879518072418e+00 1.962941076563079673e-12
5.387550200803213230e+00 1.940964519345289156e-12
5.407630522088353153e+00 1.930282913766807918e-12
5.427710843373493965e+00 1.932185089712228775e-12
5.447791164658634777e+00 1.948019206133750993e-12
5.467871485943774701e+00 1.979155523737755163e-12
5.487951807228915513e+00 2.026941010218047417e-12
5.508032128514056325e+00 2.092647207235738955e-12
5.528112449799197137e+00 2.177413476366737536e-12
5.548192771084337949e+00 2.282188303480392942e-12
5.568273092369477872e+00 2.407671715808135344e-12
5.588353413654618684e+00 2.554262011968675815e-12
5.608433734939758608e+00 2.722009905808379435e-12
5.628514056224899420e+00 2.910582849039904966e-12
5.648594377510040232e+00 3.119241757403008943e-12
5.668674698795181044e+00 3.346831670591954460e-12
5.688755020080321856e+00 3.591787089028893437e-12
5.708835341365461780e+00 3.852151916336187610e-12
5.728915662650602592e+00 4.125613157896705999e-12
5.748995983935742515e+00 4.409546837498020622e-12
5.769076305220883327e+00 4.701074037466911755e-12
5.789156626506024139e+00 4.997124569859808223e-12
5.809236947791164951e+00 5.294505558923750545e-12
5.829317269076305763e+00 5.589972155806382485e-12
5.849397590361445687e+00 5.880297701122366740e-12
5.869477911646586499e+00 6.162340876274108028e-12
5.889558232931726423e+00 6.433107711430708441e-12
5.909638554216867234e+00 6.689806715225634705e-12
5.929718875502008046e+00 6.929895827118701364e-12
5.949799196787148858e+00 7.151120338943856805e-12
5.969879518072289670e+00 7.351541362380693711e-12
5.989959839357429594e+00 7.529554813881750195e-12
6.010040160642570406e+00 7.683901233292212914e-12
6.030120481927710330e+00 7.813667037685110008e-12
6.050200803212851142e+00 7.918278033381711825e-12
6.070281124497991954e+00 7.997486166538816667e-12
6.090361445783132766e+00 8.051350589274296310e-12
6.110441767068273577e+00 8.080214159819036487e-12
6.130522088353413501e+00 8.084676489072557416e-12
6.150602409638554313e+00 8.065564600579032533e-12
6.170682730923694237e+00 8.023902194990664314e-12
6.190763052208835049e+00 7.960878411969908286e-12
6.210843373493975861e+00 7.877816869998142500e-12
6.230923694779116673e+00 7.776145644615147162e-12
6.251004016064257485e+00 7.657368724077483375e-12
6.271084337349397408e+00 7.523039363060165920e-12
6.291164658634538220e+00 7.374735643510560946e-12
6.311244979919678144e+00 7.214038449751014737e-12
6.331325301204818956e+00 7.042511974153300649e-12
6.351405622489959768e+00 6.861686791118269127e-12
6.371485943775100580e+00 6.673045470972768536e-12
6.391566265060241392e+00 6.478010651506506883e-12
6.411646586345381316e+00 6.277935442578024619e-12
6.431726907630522128e+00 6.074096007604905339e-12
6.451807228915662051e+00 5.867686143719859210e-12
6.471887550200802863e+00 5.659813668722992826e-12
6.491967871485943675e+00 5.451498416465660404e-12
6.512048192771084487e+00 5.243671641756065332e-12
6.532128514056225299e+00 5.037176640140542498e-12
6.552208835341365223e+00 4.832770395932199634e-12
6.572289156626506035e+00 4.631126082683844727e-12
6.592369477911645959e+00 4.432836253102481623e-12
6.612449799196786770e+00 4.238416569462557398e-12
6.632530120481927582e+00 4.048309940295059958e-12
6.652610441767068394e+00 3.862890944015606818e-12
6.672690763052209206e+00 3.682470434815404315e-12
6.692771084337350018e+00 3.507300240269413156e-12
6.712851405622489942e+00 3.337577873491844550e-12
6.732931726907629866e+00 3.173451195132017719e-12
6.753012048192770678e+00 3.015022971953339426e-12
6.773092369477911490e+00 2.862355289120587415e-12
6.793172690763052302e+00 2.715473782620529931e-12
6.813253012048193114e+00 2.574371666472302869e-12
6.833333333333333925e+00 2.439013536583768373e-12
6.853413654618473849e+00 2.309338939332181353e-12
6.873493975903614661e+00 2.185265698256968466e-12
6.893574297188754585e+00 2.066692996721957213e-12
6.913654618473895397e+00 1.953504218109630049e-12
6.933734939759036209e+00 1.845569548129100746e-12
6.953815261044177021e+00 1.742748346227371678e-12
6.973895582329317833e+00 1.644891294964528343e-12
6.993975903614457756e+00 1.551842337616470015e-12
7.014056224899598568e+00 1.463440415268697616e-12
7.034136546184738492e+00 1.379521015321223820e-12
7.054216867469879304e+00 1.299917543691714437e-12
7.074297188755020116e+00 1.224462533130925977e-12
7.094377510040160928e+00 1.152988699994108332e-12
7.114457831325301740e+00 1.085329861583384222e-12
7.134538152610441664e+00 1.021321725822262887e-12
7.154618473895582476e+00 9.608025645736688625e-13
7.174698795180722399e+00 9.036137813921939685e-13
7.194779116465863211e+00 8.496003839305889911e-13
7.214859437751004023e+00 7.986113706181678744e-13
7.234939759036144835e+00 7.505000406089811569e-13
7.255020080321285647e+00 7.051242353731206862e-13
7.275100401606425571e+00 6.623465196847222809e-13
7.295180722891566383e+00 6.220343091532281418e-13
7.315261044176706307e+00 5.840599508562760330e-13
7.335341365461847118e+00 5.483007630676765577e-13
7.355421686746987930e+00 5.146390395359271269e-13
7.375502008032128742e+00 4.829620232595102613e-13
7.395582329317269554e+00 4.531618542265818966e-13
7.415662650602409478e+00 4.251354951389882326e-13
7.435742971887550290e+00 3.987846387240759911e-13
7.455823293172690214e+00 3.740155998520980367e-13
7.475903614457831026e+00 3.507391953213183470e-13
7.495983935742971838e+00 3.288706138463498827e-13
7.516064257028112650e+00 3.083292784863497381e-13
7.536144578313252573e+00 2.890387034772950383e-13
7.556224899598393385e+00 2.709263471850289488e-13
7.576305220883534197e+00 2.539234626716793287e-13
7.596385542168675009e+00 2.379649471657759027e-13
7.616465863453814933e+00 2.229891915444811293e-13
7.636546184738955745e+00 2.089379307731945294e-13
7.656626506024096557e+00 1.957560961019929114e-13
7.676706827309237369e+00 1.833916696884496004e-13
7.696787148594377292e+00 1.717955422010631685e-13
7.716867469879518104e+00 1.609213738554543304e-13
7.736947791164658916e+00 1.507254592455306933e-13
7.757028112449798840e+00 1.411665962527754195e-13
7.777108433734939652e+00 1.322059592477072224e-13
7.797188755020080464e+00 1.238069767373496449e-13
7.817269076305221276e+00 1.159352135603575935e-13
7.837349397590361200e+00 1.085582576864667581e-13
7.857429718875502012e+00 1.016456116383576065e-13
7.877510040160642824e+00 9.516858852119688028e-14
7.897590361445782747e+00 8.910021261736889944e-14
7.917670682730923559e+00 8.341512448068861251e-14
7.937751004016064371e+00 7.808949044515351654e-14
7.957831325301205183e+00 7.310091644756197456e-14
7.977911646586345107e+00 6.842836605070138646e-14
7.997991967871485919e+00 6.405208254387064033e-14
8.018072289156627619e+00 5.995351498992890088e-14
8.038152610441766655e+00 5.611524808252464718e-14
8.058232931726907466e+00 5.252093567339316550e-14
8.078313253012048278e+00 4.915523782737401102e-14
8.098393574297189090e+00 4.600376126183603360e-14
8.118473895582329902e+00 4.305300302737074623e-14
8.138554216867468938e+00 4.029029728769538354e-14
8.158634538152611526e+00 3.770376505857607472e-14
8.178714859437750562e+00 3.528226676809964305e-14
8.198795180722891374e+00 3.301535750364779437e-14
8.218875502008032186e+00 3.089324481440970345e-14
8.238955823293172998e+00 2.890674894204517711e-14
8.259036144578313809e+00 2.704726535617461374e-14
8.279116465863452845e+00 2.530672947560426846e-14
8.299196787148595433e+00 2.367758346056312307e-14
8.319277108433734469e+00 2.215274496567713239e-14
8.339357429718875281e+00 2.072557774788011286e-14
8.359437751004016093e+00 1.938986402795472423e-14
8.379518072289156905e+00 1.813977850883594991e-14
8.399598393574297717e+00 1.696986395821259116e-14
8.419678714859436752e+00 1.587500826727666469e-14
8.439759036144579341e+00 1.485042290169393748e-14
8.459839357429718376e+00 1.389162266498689724e-14
8.479919678714859188e+00 1.299440669851166744e-14
8.500000000000000000e+00 1.215484064608772007e-14
