# log10(T) rate(cm^3/s)
# Total Recomb Rates
3.500000000000000000e+00 6.975867205143236747e-10
3.520080321285140368e+00 6.736042768080967210e-10
3.540160642570281180e+00 6.497466973882576981e-10
3.560240963855421548e+00 6.260729735394995191e-10
3.580321285140562360e+00 6.026390514456724554e-10
3.600401606425702727e+00 5.794974600613249698e-10
3.620481927710843539e+00 5.566970261754385744e-10
3.640562248995983907e+00 5.342826765910355492e-10
3.660642570281124719e+00 5.122953254369793941e-10
3.680722891566265087e+00 4.907718427874527488e-10
3.700803212851405455e+00 4.697450988790378647e-10
3.720883534136546267e+00 4.492440762231671691e-10
3.740963855421686635e+00 4.292940398245263290e-10
3.761044176706827447e+00 4.099167536318272263e-10
3.781124497991967814e+00 3.911307294463333445e-10
3.801204819277108626e+00 3.729514930356844597e-10
3.821285140562248994e+00 3.553918514078535655e-10
3.841365461847389362e+00 3.384621453284679711e-10
3.861445783132530174e+00 3.221704723764417786e-10
3.881526104417670542e+00 3.065228681766881244e-10
3.901606425702811354e+00 2.915234368381477202e-10
3.921686746987951722e+00 2.771744258378715596e-10
3.941767068273092534e+00 2.634762452904509026e-10
3.961847389558232901e+00 2.504274363154070448e-10
3.981927710843373269e+00 2.380245976291072583e-10
4.002008032128514081e+00 2.262622831401414648e-10
4.022088353413654893e+00 2.151328858962935069e-10
4.042168674698794817e+00 2.046265250131139656e-10
4.062248995983935629e+00 1.947309521415060874e-10
4.082329317269076441e+00 1.854314926762637925e-10
4.102409638554217253e+00 1.767110344640832127e-10
4.122489959839357176e+00 1.685500735274798537e-10
4.142570281124497988e+00 1.609268226250953946e-10
4.162650602409638800e+00 1.538173846763169896e-10
4.182730923694778724e+00 1.471959895152029282e-10
4.202811244979919536e+00 1.410352893625285242e-10
4.222891566265060348e+00 1.353067059744424141e-10
4.242971887550201160e+00 1.299808206880885203e-10
4.263052208835341084e+00 1.250277974744130469e-10
4.283132530120481896e+00 1.204178284721761964e-10
4.303212851405622708e+00 1.161215911086389318e-10
4.323293172690762631e+00 1.121107056020039433e-10
4.343373493975903443e+00 1.083581812280915558e-10
4.363453815261044255e+00 1.048388391523401524e-10
4.383534136546185067e+00 1.015296989321833887e-10
4.403614457831324991e+00 9.841031516050336684e-11
4.423694779116465803e+00 9.546305041996549271e-11
4.443775100401606615e+00 9.267327106671960905e-11
4.463855421686746539e+00 9.002945365407383658e-11
4.483935742971887350e+00 8.752319224556981902e-11
4.504016064257028162e+00 8.514910050881159866e-11
4.524096385542168974e+00 8.290460720420797409e-11
4.544176706827309786e+00 8.078964918538977129e-11
4.564257028112449710e+00 7.880627186244524439e-11
4.584337349397590522e+00 7.695815270893072813e-11
4.604417670682730446e+00 7.525006826837046413e-11
4.624497991967871258e+00 7.368732874764762485e-11
4.644578313253012070e+00 7.227520631356556499e-11
4.664658634538152882e+00 7.101838344799668460e-11
4.684738955823293693e+00 6.992044616996887993e-11
4.704819277108433617e+00 6.898344378360032497e-11
4.724899598393574429e+00 6.820753238953734144e-11
4.744979919678714353e+00 6.759071413197410236e-11
4.765060240963855165e+00 6.712867851127252155e-11
4.785140562248995977e+00 6.681474652717324160e-11
4.805220883534136789e+00 6.663991332343376868e-11
4.825301204819277601e+00 6.659298068415821622e-11
4.845381526104417524e+00 6.666076738086430362e-11
4.865461847389558336e+00 6.682838307527424409e-11
4.885542168674698260e+00 6.707955023670303268e-11
4.905622489959839072e+00 6.739695824754152372e-11
4.925702811244979884e+00 6.776263440354139541e-11
4.945783132530120696e+00 6.815831769374625144e-11
4.965863453815261508e+00 6.856582288394716880e-11
4.985943775100401432e+00 6.896738435020929547e-11
5.006024096385542244e+00 6.934597115730666151e-11
5.026104417670682167e+00 6.968556691989624366e-11
5.046184738955822979e+00 6.997140992187572972e-11
5.066265060240963791e+00 7.019019073272916094e-11
5.086345381526104603e+00 7.033020610886152495e-11
5.106425702811245415e+00 7.038146928790767785e-11
5.126506024096385339e+00 7.033577787923203635e-11
5.146586345381526151e+00 7.018674144232564759e-11
5.166666666666666963e+00 6.992977155213517621e-11
5.186746987951806886e+00 6.956203770420426199e-11
5.206827309236947698e+00 6.908239283820618693e-11
5.226907630522088510e+00 6.849127257592341417e-11
5.246987951807229322e+00 6.779057249200153529e-11
5.267068273092369246e+00 6.698350786903115597e-11
5.287148594377510058e+00 6.607446043333540512e-11
5.307228915662650870e+00 6.506881652165458012e-11
5.327309236947790794e+00 6.397280098850431678e-11
5.347389558232931606e+00 6.279331092808799576e-11
5.367469879518072418e+00 6.153775295600151692e-11
5.387550200803213230e+00 6.021388738253919281e-11
5.407630522088353153e+00 5.882968212467533990e-11
5.427710843373493965e+00 5.739317866615787430e-11
5.447791164658634777e+00 5.591237180663024985e-11
5.467871485943774701e+00 5.439510436515173912e-11
5.487951807228915513e+00 5.284897744467678882e-11
5.508032128514056325e+00 5.128127634377945123e-11
5.528112449799197137e+00 4.969891173848311316e-11
5.548192771084337949e+00 4.810837536423629207e-11
5.568273092369477872e+00 4.651570911447720462e-11
5.588353413654618684e+00 4.492648624130527780e-11
5.608433734939758608e+00 4.334580319418815629e-11
5.628514056224899420e+00 4.177828055895999565e-11
5.648594377510040232e+00 4.022807155308138303e-11
5.668674698795181044e+00 3.869887658356018967e-11
5.688755020080321856e+00 3.719396246931880419e-11
5.708835341365461780e+00 3.571618505814269514e-11
5.728915662650602592e+00 3.426801411818963932e-11
5.748995983935742515e+00 3.285155954497072770e-11
5.769076305220883327e+00 3.146859808772473416e-11
5.789156626506024139e+00 3.012059995679010662e-11
5.809236947791164951e+00 2.880875482013116277e-11
5.829317269076305763e+00 2.753399682839299167e-11
5.849397590361445687e+00 2.629702842099368821e-11
5.869477911646586499e+00 2.509834275942087050e-11
5.889558232931726423e+00 2.393824470791238795e-11
5.909638554216867234e+00 2.281687033697895547e-11
5.929718875502008046e+00 2.173420496363393786e-11
5.949799196787148858e+00 2.069009976633056429e-11
5.969879518072289670e+00 1.968428702561519844e-11
5.989959839357429594e+00 1.871639404676134102e-11
6.010040160642570406e+00 1.778595582148291355e-11
6.030120481927710330e+00 1.689242648520025669e-11
6.050200803212851142e+00 1.603518962657910540e-11
6.070281124497991954e+00 1.521356750870734857e-11
6.090361445783132766e+00 1.442682926692778009e-11
6.110441767068273577e+00 1.367419815677318889e-11
6.130522088353413501e+00 1.295485793568922855e-11
6.150602409638554313e+00 1.226795847283977753e-11
6.170682730923694237e+00 1.161262069061555825e-11
6.190763052208835049e+00 1.098794094792451768e-11
6.210843373493975861e+00 1.039299497766346681e-11
6.230923694779116673e+00 9.826841488159052326e-12
6.251004016064257485e+00 9.288525530610186549e-12
6.271084337349397408e+00 8.777081722013414904e-12
6.291164658634538220e+00 8.291537396561222929e-12
6.311244979919678144e+00 7.830915739290241273e-12
6.331325301204818956e+00 7.394238935245240953e-12
6.351405622489959768e+00 6.980531347083763760e-12
6.371485943775100580e+00 6.588822715224597370e-12
6.391566265060241392e+00 6.218151358467979285e-12
6.411646586345381316e+00 5.867567340297636192e-12
6.431726907630522128e+00 5.536135557285314618e-12
6.451807228915662051e+00 5.222938701285498463e-12
6.471887550200802863e+00 4.927080046252878765e-12
6.491967871485943675e+00 4.647686013114751584e-12
6.512048192771084487e+00 4.383908471579657822e-12
6.532128514056225299e+00 4.134926745358290709e-12
6.552208835341365223e+00 3.899949296270098586e-12
6.572289156626506035e+00 3.678215072393100755e-12
6.592369477911645959e+00 3.468994515139312326e-12
6.612449799196786770e+00 3.271590229358886324e-12
6.632530120481927582e+00 3.085337328870295215e-12
6.652610441767068394e+00 2.909603476880965929e-12
6.672690763052209206e+00 2.743788646426444441e-12
6.692771084337350018e+00 2.587324630145236045e-12
6.712851405622489942e+00 2.439674331443351974e-12
6.732931726907629866e+00 2.300330870480524093e-12
6.753012048192770678e+00 2.168816538574989124e-12
6.773092369477911490e+00 2.044681633754383069e-12
6.793172690763052302e+00 1.927503208472656974e-12
6.813253012048193114e+00 1.816883758165368794e-12
6.833333333333333925e+00 1.712449876518111257e-12
6.853413654618473849e+00 1.613850900249538489e-12
6.873493975903614661e+00 1.520757563013691965e-12
6.893574297188754585e+00 1.432860674834595787e-12
6.913654618473895397e+00 1.349869840402142873e-12
6.933734939759036209e+00 1.271512226661389002e-12
6.953815261044177021e+00 1.197531387472652190e-12
6.973895582329317833e+00 1.127686150743813906e-12
6.993975903614457756e+00 1.061749571356743931e-12
7.014056224899598568e+00 9.995079514312460945e-13
7.034136546184738492e+00 9.407599279852500781e-13
7.054216867469879304e+00 8.853156268432243777e-13
7.074297188755020116e+00 8.329958806948508688e-13
7.094377510040160928e+00 7.836315084868956239e-13
7.114457831325301740e+00 7.370626528160404767e-13
7.134538152610441664e+00 6.931381716509165175e-13
7.154618473895582476e+00 6.517150805204852262e-13
7.174698795180722399e+00 6.126580412373399531e-13
7.194779116465863211e+00 5.758388932543217777e-13
7.214859437751004023e+00 5.411362238597809992e-13
7.234939759036144835e+00 5.084349735813820482e-13
7.255020080321285647e+00 4.776260733744696458e-13
7.275100401606425571e+00 4.486061104043526315e-13
7.295180722891566383e+00 4.212770194809839541e-13
7.315261044176706307e+00 3.955457974599282321e-13
7.335341365461847118e+00 3.713242381776279326e-13
7.355421686746987930e+00 3.485286857362363940e-13
7.375502008032128742e+00 3.270798041891633073e-13
7.395582329317269554e+00 3.069023619002105861e-13
7.415662650602409478e+00 2.879250290546457162e-13
7.435742971887550290e+00 2.700801869887741627e-13
7.455823293172690214e+00 2.533037481751272702e-13
7.475903614457831026e+00 2.375349858533669864e-13
7.495983935742971838e+00 2.227163724330909792e-13
7.516064257028112650e+00 2.087934259145889454e-13
7.536144578313252573e+00 1.957145636784639981e-13
7.556224899598393385e+00 1.834309630859304962e-13
7.576305220883534197e+00 1.718964284098658140e-13
7.596385542168675009e+00 1.610672636835034029e-13
7.616465863453814933e+00 1.509021511103263158e-13
7.636546184738955745e+00 1.413620347263589789e-13
7.656626506024096557e+00 1.324100090458547859e-13
7.676706827309237369e+00 1.240112124543169886e-13
7.696787148594377292e+00 1.161327251398950165e-13
7.716867469879518104e+00 1.087434713762731328e-13
7.736947791164658916e+00 1.018141259880448942e-13
7.757028112449798840e+00 9.531702484388989558e-14
7.777108433734939652e+00 8.922607923429901689e-14
7.797188755020080464e+00 8.351669399961683678e-14
7.817269076305221276e+00 7.816568928126425019e-14
7.837349397590361200e+00 7.315122577457141228e-14
7.857429718875502012e+00 6.845273336600476001e-14
7.877510040160642824e+00 6.405084304100907492e-14
7.897590361445782747e+00 5.992732195142599008e-14
7.917670682730923559e+00 5.606501153369978445e-14
7.937751004016064371e+00 5.244776857098714517e-14
7.957831325301205183e+00 4.906040909396785218e-14
7.977911646586345107e+00 4.588865501672732512e-14
7.997991967871485919e+00 4.291908340560118638e-14
8.018072289156627619e+00 4.013907828041240559e-14
8.038152610441766655e+00 3.753678484911961234e-14
8.058232931726907466e+00 3.510106607856835685e-14
8.078313253012048278e+00 3.282146150581791030e-14
8.098393574297189090e+00 3.068814819638628365e-14
8.118473895582329902e+00 2.869190375776119380e-14
8.138554216867468938e+00 2.682407131862157463e-14
8.158634538152611526e+00 2.507652638641983476e-14
8.178714859437750562e+00 2.344164549827690949e-14
8.198795180722891374e+00 2.191227658251178537e-14
8.218875502008032186e+00 2.048171095058938431e-14
8.238955823293172998e+00 1.914365684176090687e-14
8.259036144578313809e+00 1.789221444522693131e-14
8.279116465863452845e+00 1.672185232722491643e-14
8.299196787148595433e+00 1.562738519303605523e-14
8.319277108433734469e+00 1.460395291650572213e-14
8.339357429718875281e+00 1.364700077225619992e-14
8.359437751004016093e+00 1.275226080835205785e-14
8.379518072289156905e+00 1.191573429971670198e-14
8.399598393574297717e+00 1.113367522511598540e-14
8.419678714859436752e+00 1.040257471299132947e-14
8.439759036144579341e+00 9.719146403845025619e-15
8.459839357429718376e+00 9.080312679247667829e-15
8.479919678714859188e+00 8.483191709839665783e-15
8.500000000000000000e+00 7.925085276947121336e-15
