# log10(T) rate(cm^3/s)
# Total Recomb Rates
3.500000000000000000e+00 6.842363197193971290e-13
3.520080321285140368e+00 6.656966745401321897e-13
3.540160642570281180e+00 6.477162158992079771e-13
3.560240963855421548e+00 6.302810519080987937e-13
3.580321285140562360e+00 6.133766368796675876e-13
3.600401606425702727e+00 5.969874585456334085e-13
3.620481927710843539e+00 5.810968341661840584e-13
3.640562248995983907e+00 5.656868168337934667e-13
3.660642570281124719e+00 5.507382071282904269e-13
3.680722891566265087e+00 5.362306600841460237e-13
3.700803212851405455e+00 5.221428734219795869e-13
3.720883534136546267e+00 5.084528402964980670e-13
3.740963855421686635e+00 4.951381484367416232e-13
3.761044176706827447e+00 4.821763074263782196e-13
3.781124497991967814e+00 4.695450868546161015e-13
3.801204819277108626e+00 4.572228500004521361e-13
3.821285140562248994e+00 4.451888704600617193e-13
3.841365461847389362e+00 4.334236226505194428e-13
3.861445783132530174e+00 4.219090415667462564e-13
3.881526104417670542e+00 4.106287529557570749e-13
3.901606425702811354e+00 3.995682829863482839e-13
3.921686746987951722e+00 3.887152676963719586e-13
3.941767068273092534e+00 3.780596984278980953e-13
3.961847389558232901e+00 3.675942615133552208e-13
3.981927710843373269e+00 3.573148594765707991e-13
4.002008032128514081e+00 3.472214364521867614e-13
4.022088353413654893e+00 3.373192697221658278e-13
4.042168674698794817e+00 3.276209266744011197e-13
4.062248995983935629e+00 3.181491134776947735e-13
4.082329317269076441e+00 3.089406471788297540e-13
4.102409638554217253e+00 3.000517545743341009e-13
4.122489959839357176e+00 2.915648282916446643e-13
4.142570281124497988e+00 2.835966465899507097e-13
4.162650602409638800e+00 2.763078892912703736e-13
4.182730923694778724e+00 2.699135681714331030e-13
4.202811244979919536e+00 2.646937561835680703e-13
4.222891566265060348e+00 2.610037746191795631e-13
4.242971887550201160e+00 2.592828142892688999e-13
4.263052208835341084e+00 2.600598595495488661e-13
4.283132530120481896e+00 2.639557802872757732e-13
4.303212851405622708e+00 2.716805736346082314e-13
4.323293172690762631e+00 2.840249762549610545e-13
4.343373493975903443e+00 3.018460154965923201e-13
4.363453815261044255e+00 3.260464945108674801e-13
4.383534136546185067e+00 3.575488722683080045e-13
4.403614457831324991e+00 3.972644580212642147e-13
4.423694779116465803e+00 4.460592451404261249e-13
4.443775100401606615e+00 5.047180215040985174e-13
4.463855421686746539e+00 5.739085836892479011e-13
4.483935742971887350e+00 6.541479347747472627e-13
4.504016064257028162e+00 7.457722598552638239e-13
4.524096385542168974e+00 8.489122620661368602e-13
4.544176706827309786e+00 9.634751285273324559e-13
4.564257028112449710e+00 1.089134010821025021e-12
4.584337349397590522e+00 1.225325482374778232e-12
4.604417670682730446e+00 1.371255008926522304e-12
4.624497991967871258e+00 1.525910068063151858e-12
4.644578313253012070e+00 1.688080203897282385e-12
4.664658634538152882e+00 1.856383020583778374e-12
4.684738955823293693e+00 2.029294913621231747e-12
4.704819277108433617e+00 2.205185213932253416e-12
4.724899598393574429e+00 2.382352373868929870e-12
4.744979919678714353e+00 2.559060849206560409e-12
4.765060240963855165e+00 2.733577416269924383e-12
4.785140562248995977e+00 2.904205796057536638e-12
4.805220883534136789e+00 3.069318624339706818e-12
4.825301204819277601e+00 3.227385995203709699e-12
4.845381526104417524e+00 3.377000003403827066e-12
4.865461847389558336e+00 3.516894907655965690e-12
4.885542168674698260e+00 3.645962724023402522e-12
4.905622489959839072e+00 3.763264229041245688e-12
4.925702811244979884e+00 3.868035501416161858e-12
4.945783132530120696e+00 3.959690256015941420e-12
4.965863453815261508e+00 4.037818323040468600e-12
4.985943775100401432e+00 4.102180698729235095e-12
5.006024096385542244e+00 4.152701642812780744e-12
5.026104417670682167e+00 4.189458324115680559e-12
5.046184738955822979e+00 4.212668521833004142e-12
5.066265060240963791e+00 4.222676878975112713e-12
5.086345381526104603e+00 4.219940179430814348e-12
5.106425702811245415e+00 4.205012084169513234e-12
5.126506024096385339e+00 4.178527718296635215e-12
5.146586345381526151e+00 4.141188451772288546e-12
5.166666666666666963e+00 4.093747165078283980e-12
5.186746987951806886e+00 4.036994239105897014e-12
5.206827309236947698e+00 3.971744457801948092e-12
5.226907630522088510e+00 3.898824964054201869e-12
5.246987951807229322e+00 3.819064364967579308e-12
5.267068273092369246e+00 3.733283042806633593e-12
5.287148594377510058e+00 3.642284692894768543e-12
5.307228915662650870e+00 3.546849079857714122e-12
5.327309236947790794e+00 3.447725978762336899e-12
5.347389558232931606e+00 3.345630247753498520e-12
5.367469879518072418e+00 3.241237963428042187e-12
5.387550200803213230e+00 3.135183539014502672e-12
5.407630522088353153e+00 3.028057738002674417e-12
5.427710843373493965e+00 2.920406491711114768e-12
5.447791164658634777e+00 2.812730427910095020e-12
5.467871485943774701e+00 2.705485018559102798e-12
5.487951807228915513e+00 2.599081257524522136e-12
5.508032128514056325e+00 2.493886783400005131e-12
5.528112449799197137e+00 2.390227367885951992e-12
5.548192771084337949e+00 2.288388696266084261e-12
5.568273092369477872e+00 2.188618373062994117e-12
5.588353413654618684e+00 2.091128092720505173e-12
5.608433734939758608e+00 1.996095921950297382e-12
5.628514056224899420e+00 1.903668647033743383e-12
5.648594377510040232e+00 1.813964145764214727e-12
5.668674698795181044e+00 1.727073749756881980e-12
5.688755020080321856e+00 1.643064568478291849e-12
5.708835341365461780e+00 1.561981751514360275e-12
5.728915662650602592e+00 1.483850670281244161e-12
5.748995983935742515e+00 1.408679004582529743e-12
5.769076305220883327e+00 1.336458723134586361e-12
5.789156626506024139e+00 1.267167950436560694e-12
5.809236947791164951e+00 1.200772715175154499e-12
5.829317269076305763e+00 1.137228577756342483e-12
5.849397590361445687e+00 1.076482136577993607e-12
5.869477911646586499e+00 1.018472414332827442e-12
5.889558232931726423e+00 9.631321269946658449e-13
5.909638554216867234e+00 9.103888392261367699e-13
5.929718875502008046e+00 8.601660107861801999e-13
5.949799196787148858e+00 8.123839391415670562e-13
5.969879518072289670e+00 7.669606039279484618e-13
5.989959839357429594e+00 7.238124191893311586e-13
6.010040160642570406e+00 6.828548994752301012e-13
6.030120481927710330e+00 6.440032459143413340e-13
6.050200803212851142e+00 6.071728583321959205e-13
6.070281124497991954e+00 5.722797793558522581e-13
6.090361445783132766e+00 5.392410762663710552e-13
6.110441767068273577e+00 5.079751661333879697e-13
6.130522088353413501e+00 4.784020895069223786e-13
6.150602409638554313e+00 4.504437376595753620e-13
6.170682730923694237e+00 4.240240380758548827e-13
6.190763052208835049e+00 3.990691025812983558e-13
6.210843373493975861e+00 3.755073421983070288e-13
6.230923694779116673e+00 3.532695525124755461e-13
6.251004016064257485e+00 3.322889730366871743e-13
6.271084337349397408e+00 3.125013237729864506e-13
6.291164658634538220e+00 2.938448218965360740e-13
6.311244979919678144e+00 2.762601812233605129e-13
6.331325301204818956e+00 2.596905968751032142e-13
6.351405622489959768e+00 2.440817173204454411e-13
6.371485943775100580e+00 2.293816057543260496e-13
6.391566265060241392e+00 2.155406925728426782e-13
6.411646586345381316e+00 2.025117205134130487e-13
6.431726907630522128e+00 1.902496838561217456e-13
6.451807228915662051e+00 1.787117629226757478e-13
6.471887550200802863e+00 1.678572549634006399e-13
6.491967871485943675e+00 1.576475023896430616e-13
6.512048192771084487e+00 1.480458191879832434e-13
6.532128514056225299e+00 1.390174162431704085e-13
6.552208835341365223e+00 1.305293261978394820e-13
6.572289156626506035e+00 1.225503283881438339e-13
6.592369477911645959e+00 1.150508743147071155e-13
6.612449799196786770e+00 1.080030140370100915e-13
6.632530120481927582e+00 1.013803238158541773e-13
6.652610441767068394e+00 9.515783527215592704e-14
6.672690763052209206e+00 8.931196628046634253e-14
6.692771084337350018e+00 8.382045377164103421e-14
6.712851405622489942e+00 7.866228858048826463e-14
6.732931726907629866e+00 7.381765244046476637e-14
6.753012048192770678e+00 6.926785719810742677e-14
6.773092369477911490e+00 6.499528629442816239e-14
6.793172690763052302e+00 6.098333853856514811e-14
6.813253012048193114e+00 5.721637418019982885e-14
6.833333333333333925e+00 5.367966327126836573e-14
6.853413654618473849e+00 5.035933629401409412e-14
6.873493975903614661e+00 4.724233702115559421e-14
6.893574297188754585e+00 4.431637756463287571e-14
6.913654618473895397e+00 4.156989556179284703e-14
6.933734939759036209e+00 3.899201344180148387e-14
6.953815261044177021e+00 3.657249971030159910e-14
6.973895582329317833e+00 3.430173218673219907e-14
6.993975903614457756e+00 3.217066312611496323e-14
7.014056224899598568e+00 3.017078615536714891e-14
7.034136546184738492e+00 2.829410495320005478e-14
7.054216867469879304e+00 2.653310360228768846e-14
7.074297188755020116e+00 2.488071854256421485e-14
7.094377510040160928e+00 2.333031205512467303e-14
7.114457831325301740e+00 2.187564720720560550e-14
7.134538152610441664e+00 2.051086419003170885e-14
7.154618473895582476e+00 1.923045798287907731e-14
7.174698795180722399e+00 1.802925727847507618e-14
7.194779116465863211e+00 1.690240460677916321e-14
7.214859437751004023e+00 1.584533759624026059e-14
7.234939759036144835e+00 1.485377131375810390e-14
7.255020080321285647e+00 1.392368162677244540e-14
7.275100401606425571e+00 1.305128953313164053e-14
7.295180722891566383e+00 1.223304640663389197e-14
7.315261044176706307e+00 1.146562010837332967e-14
7.335341365461847118e+00 1.074588191624042130e-14
7.355421686746987930e+00 1.007089422711565303e-14
7.375502008032128742e+00 9.437898988439670965e-15
7.395582329317269554e+00 8.844306817940632181e-15
7.415662650602409478e+00 8.287686772338851264e-15
7.435742971887550290e+00 7.765756727827267222e-15
7.455823293172690214e+00 7.276374337039890519e-15
7.475903614457831026e+00 6.817528529064360120e-15
7.495983935742971838e+00 6.387331520830909676e-15
7.516064257028112650e+00 5.984011309912681523e-15
7.536144578313252573e+00 5.605904620405667574e-15
7.556224899598393385e+00 5.251450275116960183e-15
7.576305220883534197e+00 4.919182968781077227e-15
7.596385542168675009e+00 4.607727418444298554e-15
7.616465863453814933e+00 4.315792868510269452e-15
7.636546184738955745e+00 4.042167929225843014e-15
7.656626506024096557e+00 3.785715728607824873e-15
7.676706827309237369e+00 3.545369358969674272e-15
7.696787148594377292e+00 3.320127600305710237e-15
7.716867469879518104e+00 3.109050903829919043e-15
7.736947791164658916e+00 2.911257619950455130e-15
7.757028112449798840e+00 2.725920455890532301e-15
7.777108433734939652e+00 2.552263149045257431e-15
7.797188755020080464e+00 2.389557342993217735e-15
7.817269076305221276e+00 2.237119653863903839e-15
7.837349397590361200e+00 2.094308915500208519e-15
7.857429718875502012e+00 1.960523592550380108e-15
7.877510040160642824e+00 1.835199351279086327e-15
7.897590361445782747e+00 1.717806778503880909e-15
7.917670682730923559e+00 1.607849239644131459e-15
7.937751004016064371e+00 1.504860867415787524e-15
7.957831325301205183e+00 1.408404673219079172e-15
7.977911646586345107e+00 1.318070773749654081e-15
7.997991967871485919e+00 1.233474725817801097e-15
8.018072289156627619e+00 1.154255962787505368e-15
8.038152610441766655e+00 1.080076326448169414e-15
8.058232931726907466e+00 1.010618688508852007e-15
8.078313253012048278e+00 9.455856562591092148e-16
8.098393574297189090e+00 8.846983572728323746e-16
8.118473895582329902e+00 8.276952983440784846e-16
8.138554216867468938e+00 7.743312941370560486e-16
8.158634538152611526e+00 7.243764613078334588e-16
8.178714859437750562e+00 6.776152741140145570e-16
8.198795180722891374e+00 6.338456777711188953e-16
8.218875502008032186e+00 5.928782560426812408e-16
8.238955823293172998e+00 5.545354497646583027e-16
8.259036144578313809e+00 5.186508232058268919e-16
8.279116465863452845e+00 4.850683753543103754e-16
8.299196787148595433e+00 4.536418933973605047e-16
8.319277108433734469e+00 4.242343458277831539e-16
8.339357429718875281e+00 3.967173127662261156e-16
8.359437751004016093e+00 3.709704512352348005e-16
8.379518072289156905e+00 3.468809932582626147e-16
8.399598393574297717e+00 3.243432747860787338e-16
8.419678714859436752e+00 3.032582935741726002e-16
8.439759036144579341e+00 2.835332942485725096e-16
8.459839357429718376e+00 2.650813789044450699e-16
8.479919678714859188e+00 2.478211416820918983e-16
8.500000000000000000e+00 2.316763258593867670e-16
