# log10(T) rate(cm^3/s)
# Total Recomb Rates
3.500000000000000000e+00 1.115638284705005393e-10
3.520080321285140368e+00 1.069762849626612573e-10
3.540160642570281180e+00 1.026344150726670490e-10
3.560240963855421548e+00 9.853759551385500498e-11
3.580321285140562360e+00 9.468379663854685298e-11
3.600401606425702727e+00 9.106946679820097695e-11
3.620481927710843539e+00 8.768946114929545265e-11
3.640562248995983907e+00 8.453702049137357440e-11
3.660642570281124719e+00 8.160380273470156687e-11
3.680722891566265087e+00 7.887996663495050380e-11
3.700803212851405455e+00 7.635430471702109599e-11
3.720883534136546267e+00 7.401442001015846655e-11
3.740963855421686635e+00 7.184693944384894774e-11
3.761044176706827447e+00 6.983775555663276686e-11
3.781124497991967814e+00 6.797228753439995158e-11
3.801204819277108626e+00 6.623575245606295375e-11
3.821285140562248994e+00 6.461343788257438803e-11
3.841365461847389362e+00 6.309096746442237204e-11
3.861445783132530174e+00 6.165455195225596788e-11
3.881526104417670542e+00 6.029121878694124652e-11
3.901606425702811354e+00 5.898901426535216775e-11
3.921686746987951722e+00 5.773717311136786462e-11
3.941767068273092534e+00 5.652625114714459842e-11
3.961847389558232901e+00 5.534821770024308457e-11
3.981927710843373269e+00 5.419650544754763714e-11
4.002008032128514081e+00 5.306601662779175493e-11
4.022088353413654893e+00 5.195308596817972219e-11
4.042168674698794817e+00 5.085540225220423566e-11
4.062248995983935629e+00 4.977189215617631359e-11
4.082329317269076441e+00 4.870257172188114250e-11
4.102409638554217253e+00 4.764837251086678064e-11
4.122489959839357176e+00 4.661095098862175666e-11
4.142570281124497988e+00 4.559249089703349874e-11
4.162650602409638800e+00 4.459550917614750268e-11
4.182730923694778724e+00 4.362267628278903794e-11
4.202811244979919536e+00 4.267666142574636495e-11
4.222891566265060348e+00 4.176001221358704291e-11
4.242971887550201160e+00 4.087507643926251540e-11
4.263052208835341084e+00 4.002397119916803022e-11
4.283132530120481896e+00 3.920860132374559264e-11
4.303212851405622708e+00 3.843072532785230726e-11
4.323293172690762631e+00 3.769206301286116225e-11
4.343373493975903443e+00 3.699443479953996546e-11
4.363453815261044255e+00 3.633991923751906360e-11
4.383534136546185067e+00 3.573101234296635418e-11
4.403614457831324991e+00 3.517077084738401271e-11
4.423694779116465803e+00 3.466292139073737962e-11
4.443775100401606615e+00 3.421191930913452672e-11
4.463855421686746539e+00 3.382294391778864418e-11
4.483935742971887350e+00 3.350182185026101161e-11
4.504016064257028162e+00 3.325487568934858438e-11
4.524096385542168974e+00 3.308870129043023976e-11
4.544176706827309786e+00 3.300988326742374510e-11
4.564257028112449710e+00 3.302466350495244015e-11
4.584337349397590522e+00 3.313858177433650518e-11
4.604417670682730446e+00 3.335611019431386862e-11
4.624497991967871258e+00 3.368030418696369957e-11
4.644578313253012070e+00 3.411249171314667829e-11
4.664658634538152882e+00 3.465202007870694696e-11
4.684738955823293693e+00 3.529607577304783838e-11
4.704819277108433617e+00 3.603958802496737442e-11
4.724899598393574429e+00 3.687522147680271868e-11
4.744979919678714353e+00 3.779345802939555504e-11
4.765060240963855165e+00 3.878276290000329851e-11
4.785140562248995977e+00 3.982982559427664931e-11
4.805220883534136789e+00 4.091986306127241291e-11
4.825301204819277601e+00 4.203696991675329920e-11
4.845381526104417524e+00 4.316449932711542527e-11
4.865461847389558336e+00 4.428545790052349688e-11
4.885542168674698260e+00 4.538289862054284514e-11
4.905622489959839072e+00 4.644029731906576711e-11
4.925702811244979884e+00 4.744190022953958715e-11
4.945783132530120696e+00 4.837303258904074486e-11
4.965863453815261508e+00 4.922036087616820663e-11
4.985943775100401432e+00 4.997210390817059860e-11
5.006024096385542244e+00 5.061819053038601563e-11
5.026104417670682167e+00 5.115036390200728865e-11
5.046184738955822979e+00 5.156223433653080462e-11
5.066265060240963791e+00 5.184928424770938765e-11
5.086345381526104603e+00 5.200882996608567873e-11
5.106425702811245415e+00 5.203994603490629476e-11
5.126506024096385339e+00 5.194335809351463927e-11
5.146586345381526151e+00 5.172131065007305911e-11
5.166666666666666963e+00 5.137741598011781805e-11
5.186746987951806886e+00 5.091649011252123662e-11
5.206827309236947698e+00 5.034438142896297951e-11
5.226907630522088510e+00 4.966779685294144241e-11
5.246987951807229322e+00 4.889412998086941087e-11
5.267068273092369246e+00 4.803129484640483130e-11
5.287148594377510058e+00 4.708756833942750987e-11
5.307228915662650870e+00 4.607144364675865432e-11
5.327309236947790794e+00 4.499149646124786693e-11
5.347389558232931606e+00 4.385626513287720796e-11
5.367469879518072418e+00 4.267414541955424115e-11
5.387550200803213230e+00 4.145330004224980224e-11
5.407630522088353153e+00 4.020158286206536796e-11
5.427710843373493965e+00 3.892647717616758597e-11
5.447791164658634777e+00 3.763504737373947385e-11
5.467871485943774701e+00 3.633390299892782834e-11
5.487951807228915513e+00 3.502917413068036703e-11
5.508032128514056325e+00 3.372649690384202125e-11
5.528112449799197137e+00 3.243100795573468162e-11
5.548192771084337949e+00 3.114734658111220011e-11
5.568273092369477872e+00 2.987966340915244074e-11
5.588353413654618684e+00 2.863163447240756730e-11
5.608433734939758608e+00 2.740647961304303795e-11
5.628514056224899420e+00 2.620698426034061867e-11
5.648594377510040232e+00 2.503552370998746843e-11
5.668674698795181044e+00 2.389408913543711165e-11
5.688755020080321856e+00 2.278431466070573877e-11
5.708835341365461780e+00 2.170750491925236637e-11
5.728915662650602592e+00 2.066466261283961662e-11
5.748995983935742515e+00 1.965651566606937265e-11
5.769076305220883327e+00 1.868354364599201495e-11
5.789156626506024139e+00 1.774600318183389231e-11
5.809236947791164951e+00 1.684395217799632725e-11
5.829317269076305763e+00 1.597727266491130717e-11
5.849397590361445687e+00 1.514569217805389216e-11
5.869477911646586499e+00 1.434880359631983960e-11
5.889558232931726423e+00 1.358608340777653269e-11
5.909638554216867234e+00 1.285690840389427936e-11
5.929718875502008046e+00 1.216057083286738329e-11
5.949799196787148858e+00 1.149629206836564482e-11
5.969879518072289670e+00 1.086323487167783499e-11
5.989959839357429594e+00 1.026051434230687614e-11
6.010040160642570406e+00 9.687207664309560323e-12
6.030120481927710330e+00 9.142362762860961153e-12
6.050200803212851142e+00 8.625005987723437242e-12
6.070281124497991954e+00 8.134148937846407551e-12
6.090361445783132766e+00 7.668794534801748429e-12
6.110441767068273577e+00 7.227942442982115064e-12
6.130522088353413501e+00 6.810593922400220415e-12
6.150602409638554313e+00 6.415756186534712879e-12
6.170682730923694237e+00 6.042446323951852572e-12
6.190763052208835049e+00 5.689694829266731008e-12
6.210843373493975861e+00 5.356548777113849080e-12
6.230923694779116673e+00 5.042074662693228672e-12
6.251004016064257485e+00 4.745360924464319386e-12
6.271084337349397408e+00 4.465520158788513528e-12
6.291164658634538220e+00 4.201691032713476406e-12
6.311244979919678144e+00 3.953039899446672947e-12
6.331325301204818956e+00 3.718762121077384947e-12
6.351405622489959768e+00 3.498083104415167948e-12
6.371485943775100580e+00 3.290259058029892565e-12
6.391566265060241392e+00 3.094577481332060403e-12
6.411646586345381316e+00 2.910357399479572779e-12
6.431726907630522128e+00 2.736949360751935934e-12
6.451807228915662051e+00 2.573735215568370300e-12
6.471887550200802863e+00 2.420127698380302806e-12
6.491967871485943675e+00 2.275569835142863696e-12
6.512048192771084487e+00 2.139534199919303718e-12
6.532128514056225299e+00 2.011522044401596648e-12
6.552208835341365223e+00 1.891062323779538174e-12
6.572289156626506035e+00 1.777710641527311848e-12
6.592369477911645959e+00 1.671048134385321044e-12
6.612449799196786770e+00 1.570680317188858062e-12
6.632530120481927582e+00 1.476235905329172120e-12
6.652610441767068394e+00 1.387365630616259165e-12
6.672690763052209206e+00 1.303741064229363509e-12
6.692771084337350018e+00 1.225053458361541982e-12
6.712851405622489942e+00 1.151012616148353251e-12
6.732931726907629866e+00 1.081345797564229392e-12
6.753012048192770678e+00 1.015796667208044127e-12
6.773092369477911490e+00 9.541242883046789460e-13
6.793172690763052302e+00 8.961021658355322350e-13
6.813253012048193114e+00 8.415173404824891725e-13
6.833333333333333925e+00 7.901695340247063664e-13
6.853413654618473849e+00 7.418703459581984744e-13
6.873493975903614661e+00 6.964425004030935724e-13
6.893574297188754585e+00 6.537191418084410764e-13
6.913654618473895397e+00 6.135431775436601977e-13
6.933734939759036209e+00 5.757666651629416486e-13
6.953815261044177021e+00 5.402502419273100290e-13
6.973895582329317833e+00 5.068625940531535216e-13
6.993975903614457756e+00 4.754799631106231611e-13
7.014056224899598568e+00 4.459856870069134015e-13
7.034136546184738492e+00 4.182697730457858688e-13
7.054216867469879304e+00 3.922285006449026286e-13
7.074297188755020116e+00 3.677640514074834617e-13
7.094377510040160928e+00 3.447841643763383037e-13
7.114457831325301740e+00 3.232018144401293190e-13
7.134538152610441664e+00 3.029349120082505277e-13
7.154618473895582476e+00 2.839060222177988371e-13
7.174698795180722399e+00 2.660421020804421362e-13
7.194779116465863211e+00 2.492742541160020957e-13
7.214859437751004023e+00 2.335374951516359392e-13
7.234939759036144835e+00 2.187705390892389707e-13
7.255020080321285647e+00 2.049155925585611405e-13
7.275100401606425571e+00 1.919181624790840825e-13
7.295180722891566383e+00 1.797268746499694624e-13
7.315261044176706307e+00 1.682933025745649158e-13
7.335341365461847118e+00 1.575718058043707446e-13
7.355421686746987930e+00 1.475193771575990015e-13
7.375502008032128742e+00 1.380954982299552283e-13
7.395582329317269554e+00 1.292620026707663093e-13
7.415662650602409478e+00 1.209829467466024143e-13
7.435742971887550290e+00 1.132244867577741273e-13
7.455823293172690214e+00 1.059547629111247089e-13
7.475903614457831026e+00 9.914378928593250562e-14
7.495983935742971838e+00 9.276334955908764469e-14
7.516064257028112650e+00 8.678689818143990637e-14
7.536144578313252573e+00 8.118946671985686955e-14
7.556224899598393385e+00 7.594757509944357411e-14
7.576305220883534197e+00 7.103914749796394202e-14
7.596385542168675009e+00 6.644343266006894260e-14
7.616465863453814933e+00 6.214092841279753041e-14
7.636546184738955745e+00 5.811331017619671698e-14
7.656626506024096557e+00 5.434336327405155863e-14
7.676706827309237369e+00 5.081491885979087730e-14
7.696787148594377292e+00 4.751279328182637047e-14
7.716867469879518104e+00 4.442273072100583138e-14
7.736947791164658916e+00 4.153134894065084266e-14
7.757028112449798840e+00 3.882608799688562225e-14
7.777108433734939652e+00 3.629516176374669878e-14
7.797188755020080464e+00 3.392751213394434098e-14
7.817269076305221276e+00 3.171276576218578720e-14
7.837349397590361200e+00 2.964119322371994319e-14
7.857429718875502012e+00 2.770367046624709985e-14
7.877510040160642824e+00 2.589164243859556091e-14
7.897590361445782747e+00 2.419708878461394087e-14
7.917670682730923559e+00 2.261249149559044472e-14
7.937751004016064371e+00 2.113080441919689633e-14
7.957831325301205183e+00 1.974542452747645887e-14
7.977911646586345107e+00 1.845016485076481321e-14
7.997991967871485919e+00 1.723922898865424675e-14
8.018072289156627619e+00 1.610718711318920712e-14
8.038152610441766655e+00 1.504895338342025032e-14
8.058232931726907466e+00 1.405976469424718950e-14
8.078313253012048278e+00 1.313516068615607340e-14
8.098393574297189090e+00 1.227096494598996838e-14
8.118473895582329902e+00 1.146326733230936928e-14
8.138554216867468938e+00 1.070840736218033628e-14
8.158634538152611526e+00 1.000295859938813325e-14
8.178714859437750562e+00 9.343713987112103090e-15
8.198795180722891374e+00 8.727672071008841574e-15
8.218875502008032186e+00 8.152024061452353217e-15
8.238955823293172998e+00 7.614141686353674270e-15
8.259036144578313809e+00 7.111565788551147766e-15
8.279116465863452845e+00 6.641995624213968986e-15
8.299196787148595433e+00 6.203278821045774275e-15
8.319277108433734469e+00 5.793401957313751391e-15
8.339357429718875281e+00 5.410481724860651661e-15
8.359437751004016093e+00 5.052756641294479233e-15
8.379518072289156905e+00 4.718579278483951710e-15
8.399598393574297717e+00 4.406408976332769390e-15
8.419678714859436752e+00 4.114805012556520318e-15
8.439759036144579341e+00 3.842420200850242754e-15
8.459839357429718376e+00 3.587994891415238610e-15
8.479919678714859188e+00 3.350351349310745656e-15
8.500000000000000000e+00 3.128388487519147838e-15
