# log10(T) rate(cm^3/s)
# Total Recomb Rates
3.500000000000000000e+00 7.565514881766537711e-11
3.520080321285140368e+00 7.350830892223195520e-11
3.540160642570281180e+00 7.141923506129157768e-11
3.560240963855421548e+00 6.938647970654258429e-11
3.580321285140562360e+00 6.740862814534739446e-11
3.600401606425702727e+00 6.548429782043957711e-11
3.620481927710843539e+00 6.361213768278764159e-11
3.640562248995983907e+00 6.179082755722444861e-11
3.660642570281124719e+00 6.001907752046582214e-11
3.680722891566265087e+00 5.829562729115881020e-11
3.700803212851405455e+00 5.661924563161544864e-11
3.720883534136546267e+00 5.498872976090347554e-11
3.740963855421686635e+00 5.340290477897901512e-11
3.761044176706827447e+00 5.186062310156175272e-11
3.781124497991967814e+00 5.036076390546692008e-11
3.801204819277108626e+00 4.890223258412033268e-11
3.821285140562248994e+00 4.748396021299781740e-11
3.841365461847389362e+00 4.610490302474065636e-11
3.861445783132530174e+00 4.476404189371208909e-11
3.881526104417670542e+00 4.346038182977068753e-11
3.901606425702811354e+00 4.219295148104715911e-11
3.921686746987951722e+00 4.096080264552240311e-11
3.941767068273092534e+00 3.976300979121348650e-11
3.961847389558232901e+00 3.859866958478496475e-11
3.981927710843373269e+00 3.746690042841035991e-11
4.002008032128514081e+00 3.636684200471918061e-11
4.022088353413654893e+00 3.529765482967089779e-11
4.042168674698794817e+00 3.425851981320634399e-11
4.062248995983935629e+00 3.324863782753316261e-11
4.082329317269076441e+00 3.226722928291017271e-11
4.102409638554217253e+00 3.131353371079949628e-11
4.122489959839357176e+00 3.038680935426361793e-11
4.142570281124497988e+00 2.948633276548824369e-11
4.162650602409638800e+00 2.861139841031856249e-11
4.182730923694778724e+00 2.776131827969938321e-11
4.202811244979919536e+00 2.693542150791579495e-11
4.222891566265060348e+00 2.613305399753433604e-11
4.242971887550201160e+00 2.535357805094806932e-11
4.263052208835341084e+00 2.459637200843315206e-11
4.283132530120481896e+00 2.386082989262694476e-11
4.303212851405622708e+00 2.314636105934147681e-11
4.323293172690762631e+00 2.245238985462754130e-11
4.343373493975903443e+00 2.177835527800796415e-11
4.363453815261044255e+00 2.112371065180079667e-11
4.383534136546185067e+00 2.048792329645422093e-11
4.403614457831324991e+00 1.987047421181758756e-11
4.423694779116465803e+00 1.927085776427413001e-11
4.443775100401606615e+00 1.868858137966258922e-11
4.463855421686746539e+00 1.812316524191552231e-11
4.483935742971887350e+00 1.757414199734381362e-11
4.504016064257028162e+00 1.704105646449782421e-11
4.524096385542168974e+00 1.652346534953562877e-11
4.544176706827309786e+00 1.602093696703051431e-11
4.564257028112449710e+00 1.553305096614971159e-11
4.584337349397590522e+00 1.505939806213727355e-11
4.604417670682730446e+00 1.459957977303437708e-11
4.624497991967871258e+00 1.415320816157016274e-11
4.644578313253012070e+00 1.371990558215755519e-11
4.664658634538152882e+00 1.329930443292751826e-11
4.684738955823293693e+00 1.289104691273630700e-11
4.704819277108433617e+00 1.249478478307999608e-11
4.724899598393574429e+00 1.211017913485065794e-11
4.744979919678714353e+00 1.173690015986904209e-11
4.765060240963855165e+00 1.137462692712790578e-11
4.785140562248995977e+00 1.102304716368125950e-11
4.805220883534136789e+00 1.068185704011368090e-11
4.825301204819277601e+00 1.035076096052491036e-11
4.845381526104417524e+00 1.002947135696426142e-11
4.865461847389558336e+00 9.717708488249758985e-12
4.885542168674698260e+00 9.415200243107039182e-12
4.905622489959839072e+00 9.121681947562681506e-12
4.925702811244979884e+00 8.836896176527359367e-12
4.945783132530120696e+00 8.560592569503586223e-12
4.965863453815261508e+00 8.292527650353564644e-12
4.985943775100401432e+00 8.032464651062317752e-12
5.006024096385542244e+00 7.780173339431704086e-12
5.026104417670682167e+00 7.535429850641001004e-12
5.046184738955822979e+00 7.298016522609833802e-12
5.066265060240963791e+00 7.067721735099707546e-12
5.086345381526104603e+00 6.844339752490296858e-12
5.106425702811245415e+00 6.627670570167266842e-12
5.126506024096385339e+00 6.417519764458452455e-12
5.146586345381526151e+00 6.213698346055600079e-12
5.166666666666666963e+00 6.016022616859390402e-12
5.186746987951806886e+00 5.824314030185531192e-12
5.206827309236947698e+00 5.638399054270371756e-12
5.226907630522088510e+00 5.458109039015012699e-12
5.246987951807229322e+00 5.283280085907253765e-12
5.267068273092369246e+00 5.113752921062239579e-12
5.287148594377510058e+00 4.949372771324661580e-12
5.307228915662650870e+00 4.789989243381033864e-12
5.327309236947790794e+00 4.635456205842343091e-12
5.347389558232931606e+00 4.485631674284516134e-12
5.367469879518072418e+00 4.340377699290617111e-12
5.387550200803213230e+00 4.199560257650600426e-12
5.407630522088353153e+00 4.063049147085301534e-12
5.427710843373493965e+00 3.930717885235096309e-12
5.447791164658634777e+00 3.802443614284329320e-12
5.467871485943774701e+00 3.678107013604126435e-12
5.487951807228915513e+00 3.557592224346532226e-12
5.508032128514056325e+00 3.440786792197923101e-12
5.528112449799197137e+00 3.327581637704301878e-12
5.548192771084337949e+00 3.217871067917775434e-12
5.568273092369477872e+00 3.111552848739227339e-12
5.588353413654618684e+00 3.008528364291239996e-12
5.608433734939758608e+00 2.908702897770833848e-12
5.628514056224899420e+00 2.811986076964583614e-12
5.648594377510040232e+00 2.718292535904111289e-12
5.668674698795181044e+00 2.627542850301762555e-12
5.688755020080321856e+00 2.539664806077823095e-12
5.708835341365461780e+00 2.454595054603992002e-12
5.728915662650602592e+00 2.372281192246900289e-12
5.748995983935742515e+00 2.292684272885575625e-12
5.769076305220883327e+00 2.215781719034239997e-12
5.789156626506024139e+00 2.141570540792807341e-12
5.809236947791164951e+00 2.070070705450327270e-12
5.829317269076305763e+00 2.001328430360311532e-12
5.849397590361445687e+00 1.935419106305583403e-12
5.869477911646586499e+00 1.872449508077939181e-12
5.889558232931726423e+00 1.812558923572355015e-12
5.909638554216867234e+00 1.755918840859237608e-12
5.929718875502008046e+00 1.702730879707107077e-12
5.949799196787148858e+00 1.653222740624508826e-12
5.969879518072289670e+00 1.607642066311741546e-12
5.989959839357429594e+00 1.566248258194820284e-12
6.010040160642570406e+00 1.529302451276115277e-12
6.030120481927710330e+00 1.497056008395475077e-12
6.050200803212851142e+00 1.469738034332196768e-12
6.070281124497991954e+00 1.447542516831801228e-12
6.090361445783132766e+00 1.430615764829326261e-12
6.110441767068273577e+00 1.419044827656784512e-12
6.130522088353413501e+00 1.412847541778384696e-12
6.150602409638554313e+00 1.411964767487833962e-12
6.170682730923694237e+00 1.416255255174726549e-12
6.190763052208835049e+00 1.425493430457483606e-12
6.210843373493975861e+00 1.439370222614408774e-12
6.230923694779116673e+00 1.457496894509108882e-12
6.251004016064257485e+00 1.479411676765636618e-12
6.271084337349397408e+00 1.504588874433143093e-12
6.291164658634538220e+00 1.532450008223037203e-12
6.311244979919678144e+00 1.562376479038046988e-12
6.331325301204818956e+00 1.593723205409307658e-12
6.351405622489959768e+00 1.625832677416630858e-12
6.371485943775100580e+00 1.658048894319147271e-12
6.391566265060241392e+00 1.689730701526581925e-12
6.411646586345381316e+00 1.720264109808897057e-12
6.431726907630522128e+00 1.749073259533799595e-12
6.451807228915662051e+00 1.775629779152878491e-12
6.471887550200802863e+00 1.799460374598344746e-12
6.491967871485943675e+00 1.820152570006003222e-12
6.512048192771084487e+00 1.837358596542254337e-12
6.532128514056225299e+00 1.850797492426732070e-12
6.552208835341365223e+00 1.860255531867872451e-12
6.572289156626506035e+00 1.865585142847697569e-12
6.592369477911645959e+00 1.866702503569887302e-12
6.612449799196786770e+00 1.863584025611817519e-12
6.632530120481927582e+00 1.856261939545686233e-12
6.652610441767068394e+00 1.844819197466868983e-12
6.672690763052209206e+00 1.829383898099901768e-12
6.692771084337350018e+00 1.810123425595928624e-12
6.712851405622489942e+00 1.787238474388009024e-12
6.732931726907629866e+00 1.760957111006724677e-12
6.753012048192770678e+00 1.731529000881426195e-12
6.773092369477911490e+00 1.699219904967923617e-12
6.793172690763052302e+00 1.664306528449457474e-12
6.813253012048193114e+00 1.627071782447857967e-12
6.833333333333333925e+00 1.587800500157890165e-12
6.853413654618473849e+00 1.546775631409893953e-12
6.873493975903614661e+00 1.504274924555507376e-12
6.893574297188754585e+00 1.460568091816541065e-12
6.913654618473895397e+00 1.415914443797336009e-12
6.933734939759036209e+00 1.370560970620963519e-12
6.953815261044177021e+00 1.324740840940001776e-12
6.973895582329317833e+00 1.278672285689624101e-12
6.993975903614457756e+00 1.232557830670791122e-12
7.014056224899598568e+00 1.186583840644723971e-12
7.034136546184738492e+00 1.140920337360236711e-12
7.054216867469879304e+00 1.095721054607304429e-12
7.074297188755020116e+00 1.051123694794427383e-12
7.094377510040160928e+00 1.007250353503760748e-12
7.114457831325301740e+00 9.642080808282797474e-13
7.134538152610441664e+00 9.220895509024979767e-13
7.154618473895582476e+00 8.809738137870192321e-13
7.174698795180722399e+00 8.409271066624698744e-13
7.194779116465863211e+00 8.020037040535183485e-13
7.214859437751004023e+00 7.642467894795948321e-13
7.234939759036144835e+00 7.276893334706064612e-13
7.255020080321285647e+00 6.923549652621395459e-13
7.275100401606425571e+00 6.582588276743092440e-13
7.295180722891566383e+00 6.254084066700975345e-13
7.315261044176706307e+00 5.938043288783889010e-13
7.335341365461847118e+00 5.634411219554717001e-13
7.355421686746987930e+00 5.343079340527738637e-13
7.375502008032128742e+00 5.063892098671775880e-13
7.395582329317269554e+00 4.796653217854179556e-13
7.415662650602409478e+00 4.541131555088356447e-13
7.435742971887550290e+00 4.297066502733277359e-13
7.455823293172690214e+00 4.064172943760904528e-13
7.475903614457831026e+00 3.842145771998357978e-13
7.495983935742971838e+00 3.630663993005775732e-13
7.516064257028112650e+00 3.429394424097269203e-13
7.536144578313252573e+00 3.237995014076444673e-13
7.556224899598393385e+00 3.056117804651312264e-13
7.576305220883534197e+00 2.883411556321188746e-13
7.596385542168675009e+00 2.719524061882745680e-13
7.616465863453814933e+00 2.564104170668633549e-13
7.636546184738955745e+00 2.416803546282931632e-13
7.656626506024096557e+00 2.277278179998938827e-13
7.676706827309237369e+00 2.145189681192149448e-13
7.696787148594377292e+00 2.020206365244024616e-13
7.716867469879518104e+00 1.902004158310993147e-13
7.736947791164658916e+00 1.790267337243608323e-13
7.757028112449798840e+00 1.684689121791463302e-13
7.777108433734939652e+00 1.584972135065105699e-13
7.797188755020080464e+00 1.490828747065719408e-13
7.817269076305221276e+00 1.401981314952558508e-13
7.837349397590361200e+00 1.318162332609601384e-13
7.857429718875502012e+00 1.239114501005408682e-13
7.877510040160642824e+00 1.164590729821120926e-13
7.897590361445782747e+00 1.094354079855250763e-13
7.917670682730923559e+00 1.028177654803894345e-13
7.937751004016064371e+00 9.658444501625625698e-14
7.957831325301205183e+00 9.071471662014633568e-14
7.977911646586345107e+00 8.518879912295819318e-14
7.997991967871485919e+00 7.998783606827334287e-14
8.018072289156627619e+00 7.509386969454436977e-14
8.038152610441766655e+00 7.048981342436151418e-14
8.058232931726907466e+00 6.615942324221176595e-14
8.078313253012048278e+00 6.208726829460827449e-14
8.098393574297189090e+00 5.825870100335016884e-14
8.118473895582329902e+00 5.465982694375591224e-14
8.138554216867468938e+00 5.127747470464185371e-14
8.158634538152611526e+00 4.809916591534798323e-14
8.178714859437750562e+00 4.511308559695980854e-14
8.198795180722891374e+00 4.230805296974401810e-14
8.218875502008032186e+00 3.967349282651664305e-14
8.238955823293172998e+00 3.719940756185892980e-14
8.259036144578313809e+00 3.487634992965380171e-14
8.279116465863452845e+00 3.269539658605209133e-14
8.299196787148595433e+00 3.064812246152402354e-14
8.319277108433734469e+00 2.872657599391985674e-14
8.339357429718875281e+00 2.692325524425943361e-14
8.359437751004016093e+00 2.523108490817914384e-14
8.379518072289156905e+00 2.364339422838129236e-14
8.399598393574297717e+00 2.215389580697986466e-14
8.419678714859436752e+00 2.075666531115441329e-14
8.439759036144579341e+00 1.944612206091937573e-14
8.459839357429718376e+00 1.821701048398717959e-14
8.479919678714859188e+00 1.706438241954536858e-14
8.500000000000000000e+00 1.598358025022588168e-14
