# log10(T) rate(cm^3/s)
# Total Recomb Rates
3.500000000000000000e+00 1.513087543010146278e-10
3.520080321285140368e+00 1.508413638344723238e-10
3.540160642570281180e+00 1.505586193312221480e-10
3.560240963855421548e+00 1.504485599911278971e-10
3.580321285140562360e+00 1.505021537969324458e-10
3.600401606425702727e+00 1.507135811655510569e-10
3.620481927710843539e+00 1.510802664472028891e-10
3.640562248995983907e+00 1.516026472182811585e-10
3.660642570281124719e+00 1.522836911665244930e-10
3.680722891566265087e+00 1.531281896209201544e-10
3.700803212851405455e+00 1.541418737174030298e-10
3.720883534136546267e+00 1.553304123654034945e-10
3.740963855421686635e+00 1.566983595552037065e-10
3.761044176706827447e+00 1.582481215885758063e-10
3.781124497991967814e+00 1.599790125111346475e-10
3.801204819277108626e+00 1.618864588344700966e-10
3.821285140562248994e+00 1.639614034008312624e-10
3.841365461847389362e+00 1.661899440636600430e-10
3.861445783132530174e+00 1.685532269637161463e-10
3.881526104417670542e+00 1.710275978120743093e-10
3.901606425702811354e+00 1.735849988973707000e-10
3.921686746987951722e+00 1.761935855036149147e-10
3.941767068273092534e+00 1.788185238390482922e-10
3.961847389558232901e+00 1.814229239903863390e-10
3.981927710843373269e+00 1.839688561515924773e-10
4.002008032128514081e+00 1.864183965262453707e-10
4.022088353413654893e+00 1.887346507487062073e-10
4.042168674698794817e+00 1.908827071003475901e-10
4.062248995983935629e+00 1.928304787368337999e-10
4.082329317269076441e+00 1.945494029849230702e-10
4.102409638554217253e+00 1.960149758198948958e-10
4.122489959839357176e+00 1.972071101678088729e-10
4.142570281124497988e+00 1.981103169764363097e-10
4.162650602409638800e+00 1.987137174184058398e-10
4.182730923694778724e+00 1.990109025960961377e-10
4.202811244979919536e+00 1.989996633231291402e-10
4.222891566265060348e+00 1.986816167412319536e-10
4.242971887550201160e+00 1.980617586424440973e-10
4.263052208835341084e+00 1.971479705110133545e-10
4.283132530120481896e+00 1.959505087144971986e-10
4.303212851405622708e+00 1.944815002947679278e-10
4.323293172690762631e+00 1.927544658308064738e-10
4.343373493975903443e+00 1.907838852806684560e-10
4.363453815261044255e+00 1.885848179596912422e-10
4.383534136546185067e+00 1.861725832328880874e-10
4.403614457831324991e+00 1.835625043846235868e-10
4.423694779116465803e+00 1.807697146931553452e-10
4.443775100401606615e+00 1.778090221109124045e-10
4.463855421686746539e+00 1.746948271746818250e-10
4.483935742971887350e+00 1.714410877986985275e-10
4.504016064257028162e+00 1.680613243152762725e-10
4.524096385542168974e+00 1.645686583352537893e-10
4.544176706827309786e+00 1.609758794746423379e-10
4.564257028112449710e+00 1.572955344912770506e-10
4.584337349397590522e+00 1.535400336740790779e-10
4.604417670682730446e+00 1.497217692635571991e-10
4.624497991967871258e+00 1.458532401809837853e-10
4.644578313253012070e+00 1.419471764411625980e-10
4.664658634538152882e+00 1.380166554689929961e-10
4.684738955823293693e+00 1.340752013780370296e-10
4.704819277108433617e+00 1.301368574032728219e-10
4.724899598393574429e+00 1.262162214203437587e-10
4.744979919678714353e+00 1.223284350899961008e-10
4.765060240963855165e+00 1.184891187974231688e-10
4.785140562248995977e+00 1.147142472321567302e-10
4.805220883534136789e+00 1.110199640427540709e-10
4.825301204819277601e+00 1.074223382281358133e-10
4.845381526104417524e+00 1.039370694125284517e-10
4.865461847389558336e+00 1.005791534549983334e-10
4.885542168674698260e+00 9.736252353044473123e-11
4.905622489959839072e+00 9.429968450794983465e-11
4.925702811244979884e+00 9.140135987083743948e-11
4.945783132530120696e+00 8.867617043194686274e-11
4.965863453815261508e+00 8.613036270452373131e-11
4.985943775100401432e+00 8.376760213809901553e-11
5.006024096385542244e+00 8.158884277709185689e-11
5.026104417670682167e+00 7.959228058246606974e-11
5.046184738955822979e+00 7.777339304502714425e-11
5.066265060240963791e+00 7.612506318014634031e-11
5.086345381526104603e+00 7.463778185479623646e-11
5.106425702811245415e+00 7.329991891760370551e-11
5.126506024096385339e+00 7.209805095417597233e-11
5.146586345381526151e+00 7.101733175406082680e-11
5.166666666666666963e+00 7.004189074534796105e-11
5.186746987951806886e+00 6.915524464709812433e-11
5.206827309236947698e+00 6.834070827433288785e-11
5.226907630522088510e+00 6.758179164251142355e-11
5.246987951807229322e+00 6.686257209166665688e-11
5.267068273092369246e+00 6.616803193508298576e-11
5.287148594377510058e+00 6.548435401501266496e-11
5.307228915662650870e+00 6.479916943625415384e-11
5.327309236947790794e+00 6.410175359824551885e-11
5.347389558232931606e+00 6.338316843131868519e-11
5.367469879518072418e+00 6.263635044592464392e-11
5.387550200803213230e+00 6.185614580464704729e-11
5.407630522088353153e+00 6.103929509375591105e-11
5.427710843373493965e+00 6.018437175901037275e-11
5.447791164658634777e+00 5.929167922717392638e-11
5.467871485943774701e+00 5.836311251166576971e-11
5.487951807228915513e+00 5.740199056586617452e-11
5.508032128514056325e+00 5.641286579615782574e-11
5.528112449799197137e+00 5.540131700714808282e-11
5.548192771084337949e+00 5.437373168337628791e-11
5.568273092369477872e+00 5.333708299748167738e-11
5.588353413654618684e+00 5.229870636528933596e-11
5.608433734939758608e+00 5.126607982727112363e-11
5.628514056224899420e+00 5.024661208533584560e-11
5.648594377510040232e+00 4.924744169434131337e-11
5.668674698795181044e+00 4.827525069462188038e-11
5.688755020080321856e+00 4.733609583926906492e-11
5.708835341365461780e+00 4.643526045966368538e-11
5.728915662650602592e+00 4.557712985704265613e-11
5.748995983935742515e+00 4.476509284293908317e-11
5.769076305220883327e+00 4.400147162944868280e-11
5.789156626506024139e+00 4.328748166820858969e-11
5.809236947791164951e+00 4.262322225973804303e-11
5.829317269076305763e+00 4.200769783469741029e-11
5.849397590361445687e+00 4.143886880023069375e-11
5.869477911646586499e+00 4.091372981682584752e-11
5.889558232931726423e+00 4.042841239823218979e-11
5.909638554216867234e+00 3.997830787928590741e-11
5.929718875502008046e+00 3.955820613292301491e-11
5.949799196787148858e+00 3.916244498015384951e-11
5.969879518072289670e+00 3.878506504740017337e-11
5.989959839357429594e+00 3.841996488610145023e-11
6.010040160642570406e+00 3.806105146306978982e-11
6.030120481927710330e+00 3.770238162471465225e-11
6.050200803212851142e+00 3.733829079113526621e-11
6.070281124497991954e+00 3.696350589824870227e-11
6.090361445783132766e+00 3.657324042705010416e-11
6.110441767068273577e+00 3.616327019062765770e-11
6.130522088353413501e+00 3.572998934896304927e-11
6.150602409638554313e+00 3.527044685371194314e-11
6.170682730923694237e+00 3.478236416369505224e-11
6.190763052208835049e+00 3.426413559939221221e-11
6.210843373493975861e+00 3.371481311259282516e-11
6.230923694779116673e+00 3.313407753445278770e-11
6.251004016064257485e+00 3.252219853684794344e-11
6.271084337349397408e+00 3.187998560831202338e-11
6.291164658634538220e+00 3.120873232063108946e-11
6.311244979919678144e+00 3.051015606098443939e-11
6.331325301204818956e+00 2.978633524379987152e-11
6.351405622489959768e+00 2.903964581242426225e-11
6.371485943775100580e+00 2.827269860845915292e-11
6.391566265060241392e+00 2.748827893976424443e-11
6.411646586345381316e+00 2.668928942833696588e-11
6.431726907630522128e+00 2.587869697609343932e-11
6.451807228915662051e+00 2.505948445745321712e-11
6.471887550200802863e+00 2.423460753799888125e-11
6.491967871485943675e+00 2.340695683195161622e-11
6.512048192771084487e+00 2.257932544977015797e-11
6.532128514056225299e+00 2.175438185150558857e-11
6.552208835341365223e+00 2.093464781119831641e-11
6.572289156626506035e+00 2.012248121132879262e-11
6.592369477911645959e+00 1.932006332227517121e-11
6.612449799196786770e+00 1.852939017763307156e-11
6.632530120481927582e+00 1.775226762964949790e-11
6.652610441767068394e+00 1.699030965735786882e-11
6.672690763052209206e+00 1.624493950076695330e-11
6.692771084337350018e+00 1.551739320525330715e-11
6.712851405622489942e+00 1.480872517892222883e-11
6.732931726907629866e+00 1.411981539013687011e-11
6.753012048192770678e+00 1.345137786091071580e-11
6.773092369477911490e+00 1.280397014289887225e-11
6.793172690763052302e+00 1.217800349503615014e-11
6.813253012048193114e+00 1.157375351440961434e-11
6.833333333333333925e+00 1.099137100388492041e-11
6.853413654618473849e+00 1.043089289068744704e-11
6.873493975903614661e+00 9.892253039093923440e-12
6.893574297188754585e+00 9.375292827288112583e-12
6.913654618473895397e+00 8.879771383064535003e-12
6.933734939759036209e+00 8.405375395323010196e-12
6.953815261044177021e+00 7.951728438154116083e-12
6.973895582329317833e+00 7.518399761814669773e-12
6.993975903614457756e+00 7.104912520117402158e-12
7.014056224899598568e+00 6.710751416835406934e-12
7.034136546184738492e+00 6.335369764797868724e-12
7.054216867469879304e+00 5.978195960591000638e-12
7.074297188755020116e+00 5.638639385350723390e-12
7.094377510040160928e+00 5.316095748211079660e-12
7.114457831325301740e+00 5.009951893727505126e-12
7.134538152610441664e+00 4.719590098188128060e-12
7.154618473895582476e+00 4.444391882314566790e-12
7.174698795180722399e+00 4.183741369580172160e-12
7.194779116465863211e+00 3.937028220368987358e-12
7.214859437751004023e+00 3.703650172585082124e-12
7.234939759036144835e+00 3.483015219203989378e-12
7.255020080321285647e+00 3.274543452734392808e-12
7.275100401606425571e+00 3.077668605710729086e-12
7.295180722891566383e+00 2.891839315240816443e-12
7.315261044176706307e+00 2.716520138349855276e-12
7.335341365461847118e+00 2.551192343446773376e-12
7.355421686746987930e+00 2.395354501737864926e-12
7.375502008032128742e+00 2.248522900862572324e-12
7.395582329317269554e+00 2.110231801460213105e-12
7.415662650602409478e+00 1.980033555818908269e-12
7.435742971887550290e+00 1.857498606230044585e-12
7.455823293172690214e+00 1.742215379189238822e-12
7.475903614457831026e+00 1.633790090159776943e-12
7.495983935742971838e+00 1.531846472256619315e-12
7.516064257028112650e+00 1.436025440923408420e-12
7.536144578313252573e+00 1.345984705466457584e-12
7.556224899598393385e+00 1.261398337179582327e-12
7.576305220883534197e+00 1.181956302742911957e-12
7.596385542168675009e+00 1.107363970606199260e-12
7.616465863453814933e+00 1.037341597171433293e-12
7.636546184738955745e+00 9.716237987676640881e-13
7.656626506024096557e+00 9.099590146602988226e-13
7.676706827309237369e+00 8.521089656538314649e-13
7.696787148594377292e+00 7.978481122276882438e-13
7.716867469879518104e+00 7.469631155853531495e-13
7.736947791164658916e+00 6.992523044935078113e-13
7.757028112449798840e+00 6.545251503363562205e-13
7.777108433734939652e+00 6.126017524069968655e-13
7.797188755020080464e+00 5.733123350986335358e-13
7.817269076305221276e+00 5.364967583399769636e-13
7.837349397590361200e+00 5.020040423380423706e-13
7.857429718875502012e+00 4.696919074441638359e-13
7.877510040160642824e+00 4.394263297424981487e-13
7.897590361445782747e+00 4.110811127715079878e-13
7.917670682730923559e+00 3.845374756253079532e-13
7.937751004016064371e+00 3.596836575407215696e-13
7.957831325301205183e+00 3.364145389550640335e-13
7.977911646586345107e+00 3.146312789170199576e-13
7.997991967871485919e+00 2.942409686463979710e-13
8.018072289156627619e+00 2.751563009663376408e-13
8.038152610441766655e+00 2.572952552719781380e-13
8.058232931726907466e+00 2.405807976512500625e-13
8.078313253012048278e+00 2.249405957349872831e-13
8.098393574297189090e+00 2.103067478235883301e-13
8.118473895582329902e+00 1.966155258151604584e-13
8.138554216867468938e+00 1.838071314442008298e-13
8.158634538152611526e+00 1.718254653296786424e-13
8.178714859437750562e+00 1.606179083260696843e-13
8.198795180722891374e+00 1.501351146696274578e-13
8.218875502008032186e+00 1.403308164145961843e-13
8.238955823293172998e+00 1.311616386592564747e-13
8.259036144578313809e+00 1.225869250695124567e-13
8.279116465863452845e+00 1.145685732174895157e-13
8.299196787148595433e+00 1.070708792640581792e-13
8.319277108433734469e+00 1.000603915269816058e-13
8.339357429718875281e+00 9.350577249013897166e-14
8.359437751004016093e+00 8.737766882390695902e-14
8.379518072289156905e+00 8.164858900185316001e-14
8.399598393574297717e+00 7.629278811443168222e-14
8.419678714859436752e+00 7.128615949606030754e-14
8.439759036144579341e+00 6.660613279773091590e-14
8.459839357429718376e+00 6.223157815304387200e-14
8.479919678714859188e+00 5.814271610110815922e-14
8.500000000000000000e+00 5.432103294513753803e-14
