# log10(T) rate(cm^3/s)
# Collisional Rates
3.500000000000000000e+00 2.496643770555492260e-48
3.520080321285140368e+00 1.461576704071327887e-46
3.540160642570281180e+00 7.128716909308647648e-45
3.560240963855421548e+00 2.920869510747896688e-43
3.580321285140562360e+00 1.013323910527893959e-41
3.600401606425702727e+00 2.999089428466972898e-40
3.620481927710843539e+00 7.627065555137207717e-39
3.640562248995983907e+00 1.678160122728071631e-37
3.660642570281124719e+00 3.215610354614304063e-36
3.680722891566265087e+00 5.399644894517133115e-35
3.700803212851405455e+00 7.993437832145483662e-34
3.720883534136546267e+00 1.049170879037736100e-32
3.740963855421686635e+00 1.227633433104207761e-31
3.761044176706827447e+00 1.287240638277738061e-30
3.781124497991967814e+00 1.215558658216013394e-29
3.801204819277108626e+00 1.038666967428004074e-28
3.821285140562248994e+00 8.067275517402468145e-28
3.841365461847389362e+00 5.720113480702480309e-27
3.861445783132530174e+00 3.717933918634661861e-26
3.881526104417670542e+00 2.223969965534631038e-25
3.901606425702811354e+00 1.228909467791655829e-24
3.921686746987951722e+00 6.295555864636647687e-24
3.941767068273092534e+00 3.000269875485262939e-23
3.961847389558232901e+00 1.334504172969138746e-22
3.981927710843373269e+00 5.557376002978871855e-22
4.002008032128514081e+00 2.173227189385337151e-21
4.022088353413654893e+00 8.003177160965824537e-21
4.042168674698794817e+00 2.783055992139758670e-20
4.062248995983935629e+00 9.162421273208884912e-20
4.082329317269076441e+00 2.862876945180055287e-19
4.102409638554217253e+00 8.509921518321800440e-19
4.122489959839357176e+00 2.411895149487795298e-18
4.142570281124497988e+00 6.531849039406079865e-18
4.162650602409638800e+00 1.693756014932187471e-17
4.182730923694778724e+00 4.213605951674385856e-17
4.202811244979919536e+00 1.007529419378994156e-16
4.222891566265060348e+00 2.319730163002704076e-16
4.242971887550201160e+00 5.151488378373479956e-16
4.263052208835341084e+00 1.105221015808231637e-15
4.283132530120481896e+00 2.294351119981048498e-15
4.303212851405622708e+00 4.615376683683594945e-15
4.323293172690762631e+00 9.009558916620366654e-15
4.343373493975903443e+00 1.708965592377786596e-14
4.363453815261044255e+00 3.153942772399061325e-14
4.383534136546185067e+00 5.670175341735218897e-14
4.403614457831324991e+00 9.941873582841879728e-14
4.423694779116465803e+00 1.701972234500892703e-13
4.443775100401606615e+00 2.847804341268958213e-13
4.463855421686746539e+00 4.662091167702807164e-13
4.483935742971887350e+00 7.474520202795020527e-13
4.504016064257028162e+00 1.174673856587016208e-12
4.524096385542168974e+00 1.811189434066452601e-12
4.544176706827309786e+00 2.742120692865982456e-12
4.564257028112449710e+00 4.079733935743461649e-12
4.584337349397590522e+00 5.969389069917165920e-12
4.604417670682730446e+00 8.595979144854177472e-12
4.624497991967871258e+00 1.219068580989787885e-11
4.644578313253012070e+00 1.703786537402885738e-11
4.664658634538152882e+00 2.348177302274053126e-11
4.684738955823293693e+00 3.193277107869048980e-11
4.704819277108433617e+00 4.287273887954008570e-11
4.724899598393574429e+00 5.685932955327560974e-11
4.744979919678714353e+00 7.452873464964868562e-11
4.765060240963855165e+00 9.659667178163660902e-11
4.785140562248995977e+00 1.238581415444545756e-10
4.805220883534136789e+00 1.571852135515763349e-10
4.825301204819277601e+00 1.975215871778040997e-10
4.845381526104417524e+00 2.458751865139324665e-10
4.865461847389558336e+00 3.033083463604927288e-10
4.885542168674698260e+00 3.709259210982388612e-10
4.905622489959839072e+00 4.498613637342962718e-10
4.925702811244979884e+00 5.412609563903556394e-10
4.945783132530120696e+00 6.462706431958364295e-10
4.965863453815261508e+00 7.660308527798536199e-10
4.985943775100401432e+00 9.016537495566730055e-10
5.006024096385542244e+00 1.054204809509615344e-09
5.026104417670682167e+00 1.224686929803366978e-09
5.046184738955822979e+00 1.414024204386197719e-09
5.066265060240963791e+00 1.623046314866972109e-09
5.086345381526104603e+00 1.852473798051160704e-09
5.106425702811245415e+00 2.102903461391025334e-09
5.126506024096385339e+00 2.374783397285118154e-09
5.146586345381526151e+00 2.668410085957278088e-09
5.166666666666666963e+00 2.983996829746771246e-09
5.186746987951806886e+00 3.321659461186269186e-09
5.206827309236947698e+00 3.681389271912189800e-09
5.226907630522088510e+00 4.063053717594061614e-09
5.246987951807229322e+00 4.466397453210241860e-09
5.267068273092369246e+00 4.891043719976436234e-09
5.287148594377510058e+00 5.336459851258107745e-09
5.307228915662650870e+00 5.801918861407955750e-09
5.327309236947790794e+00 6.286554055270691898e-09
5.347389558232931606e+00 6.789375361639644843e-09
5.367469879518072418e+00 7.309275542973907653e-09
5.387550200803213230e+00 7.845035239542205910e-09
5.407630522088353153e+00 8.395333019129688548e-09
5.427710843373493965e+00 8.958878615853611635e-09
5.447791164658634777e+00 9.534532288979395425e-09
5.467871485943774701e+00 1.012116815098861146e-08
5.487951807228915513e+00 1.071763149280981400e-08
5.508032128514056325e+00 1.132255658823341119e-08
5.528112449799197137e+00 1.193450378004287440e-08
5.548192771084337949e+00 1.255202735492254698e-08
5.568273092369477872e+00 1.317368479236728502e-08
5.588353413654618684e+00 1.379804505508370233e-08
5.608433734939758608e+00 1.442369587106010986e-08
5.628514056224899420e+00 1.504925006988316779e-08
5.648594377510040232e+00 1.567338317478023640e-08
5.668674698795181044e+00 1.629487833043367931e-08
5.688755020080321856e+00 1.691256320093629602e-08
5.708835341365461780e+00 1.752530030263842280e-08
5.728915662650602592e+00 1.813198715797665969e-08
5.748995983935742515e+00 1.873154133390172901e-08
5.769076305220883327e+00 1.932261212400034187e-08
5.789156626506024139e+00 1.990358724741873893e-08
5.809236947791164951e+00 2.047291482769241216e-08
5.829317269076305763e+00 2.102937746965123844e-08
5.849397590361445687e+00 2.157199090692861200e-08
5.869477911646586499e+00 2.210003158784571531e-08
5.889558232931726423e+00 2.261291802850975826e-08
5.909638554216867234e+00 2.311015137020799680e-08
5.929718875502008046e+00 2.359131396398946639e-08
5.949799196787148858e+00 2.405606728110028993e-08
5.969879518072289670e+00 2.450414915996279754e-08
5.989959839357429594e+00 2.493536941108766780e-08
6.010040160642570406e+00 2.534959259060556868e-08
6.030120481927710330e+00 2.574673928995104610e-08
6.050200803212851142e+00 2.612679291105665668e-08
6.070281124497991954e+00 2.648979462056940269e-08
6.090361445783132766e+00 2.683583774997411251e-08
6.110441767068273577e+00 2.716506719059230976e-08
6.130522088353413501e+00 2.747782837768746589e-08
6.150602409638554313e+00 2.777456791100687399e-08
6.170682730923694237e+00 2.805533765467969625e-08
6.190763052208835049e+00 2.832006425495007670e-08
6.210843373493975861e+00 2.856868480321617884e-08
6.230923694779116673e+00 2.880115325426929189e-08
6.251004016064257485e+00 2.901744101065300036e-08
6.271084337349397408e+00 2.921753749507845116e-08
6.291164658634538220e+00 2.940145067096169830e-08
6.311244979919678144e+00 2.956920747884332381e-08
6.331325301204818956e+00 2.972085416427509018e-08
6.351405622489959768e+00 2.985645648040691800e-08
6.371485943775100580e+00 2.997608115371913484e-08
6.391566265060241392e+00 3.007972911438950823e-08
6.411646586345381316e+00 3.016741092223355114e-08
6.431726907630522128e+00 3.023917519690500770e-08
6.451807228915662051e+00 3.029510646151512107e-08
6.471887550200802863e+00 3.033532294346548115e-08
6.491967871485943675e+00 3.035997436631917778e-08
6.512048192771084487e+00 3.036928030979418292e-08
6.532128514056225299e+00 3.036368834628615314e-08
6.552208835341365223e+00 3.034380293983862830e-08
6.572289156626506035e+00 3.031026103593396186e-08
6.592369477911645959e+00 3.026369226537110777e-08
6.612449799196786770e+00 3.020471708299965729e-08
6.632530120481927582e+00 3.013394198971297519e-08
6.652610441767068394e+00 3.005188347092159479e-08
6.672690763052209206e+00 2.995897831556785858e-08
6.692771084337350018e+00 2.985567042884323238e-08
6.712851405622489942e+00 2.974241165182008415e-08
6.732931726907629866e+00 2.961965850524050205e-08
6.753012048192770678e+00 2.948786921181657986e-08
6.773092369477911490e+00 2.934750098971382601e-08
6.793172690763052302e+00 2.919900760957202623e-08
6.813253012048193114e+00 2.904283720713252211e-08
6.833333333333333925e+00 2.887943034323934111e-08
6.853413654618473849e+00 2.870921829803323346e-08
6.873493975903614661e+00 2.853258843503607786e-08
6.893574297188754585e+00 2.834980687026636959e-08
6.913654618473895397e+00 2.816111234966083453e-08
6.933734939759036209e+00 2.796674100157785534e-08
6.953815261044177021e+00 2.776692652099466234e-08
6.973895582329317833e+00 2.756190035938344694e-08
6.993975903614457756e+00 2.735189190677334128e-08
7.014056224899598568e+00 2.713712865505943588e-08
7.034136546184738492e+00 2.691781671342012800e-08
7.054216867469879304e+00 2.669408453077438398e-08
7.074297188755020116e+00 2.646605553400747588e-08
7.094377510040160928e+00 2.623386989235778593e-08
7.114457831325301740e+00 2.599768249699042110e-08
7.134538152610441664e+00 2.575766105647952750e-08
7.154618473895582476e+00 2.551398430442406234e-08
7.174698795180722399e+00 2.526684031556068436e-08
7.194779116465863211e+00 2.501642492699191115e-08
7.214859437751004023e+00 2.476294026136533235e-08
7.234939759036144835e+00 2.450660546000435227e-08
7.255020080321285647e+00 2.424769272921091995e-08
7.275100401606425571e+00 2.398648175770895047e-08
7.295180722891566383e+00 2.372324379365898070e-08
7.315261044176706307e+00 2.345824120983925529e-08
7.335341365461847118e+00 2.319172718068877960e-08
7.355421686746987930e+00 2.292394545814241256e-08
7.375502008032128742e+00 2.265513023431409070e-08
7.395582329317269554e+00 2.238550607992330659e-08
7.415662650602409478e+00 2.211528794821745371e-08
7.435742971887550290e+00 2.184468123499904306e-08
7.455823293172690214e+00 2.157388188621390241e-08
7.475903614457831026e+00 2.130307654537805487e-08
7.495983935742971838e+00 2.103244273391176459e-08
7.516064257028112650e+00 2.076214905819973182e-08
7.536144578313252573e+00 2.049235543790396331e-08
7.556224899598393385e+00 2.022321335071491187e-08
7.576305220883534197e+00 1.995486608933644515e-08
7.596385542168675009e+00 1.968744902705939764e-08
7.616465863453814933e+00 1.942108988878844646e-08
7.636546184738955745e+00 1.915590902484737109e-08
7.656626506024096557e+00 1.889201968530121825e-08
7.676706827309237369e+00 1.862952829290342123e-08
7.696787148594377292e+00 1.836853471310129300e-08
7.716867469879518104e+00 1.810913251982218342e-08
7.736947791164658916e+00 1.785140925599958839e-08
7.757028112449798840e+00 1.759544113583465168e-08
7.777108433734939652e+00 1.734127941198963817e-08
7.797188755020080464e+00 1.708896980221995622e-08
7.817269076305221276e+00 1.683855773818834384e-08
7.837349397590361200e+00 1.659008804834941810e-08
7.857429718875502012e+00 1.634360467892687446e-08
7.877510040160642824e+00 1.609915045042876733e-08
7.897590361445782747e+00 1.585676684716816399e-08
7.917670682730923559e+00 1.561649383730278928e-08
7.937751004016064371e+00 1.537836972097386673e-08
7.957831325301205183e+00 1.514243100420691415e-08
7.977911646586345107e+00 1.490871229633332073e-08
7.997991967871485919e+00 1.467724622879587806e-08
8.018072289156627619e+00 1.444806339331274115e-08
8.038152610441766655e+00 1.422119229748986800e-08
8.058232931726907466e+00 1.399665933608812835e-08
8.078313253012048278e+00 1.377448877627012393e-08
8.098393574297189090e+00 1.355470275526702125e-08
8.118473895582329902e+00 1.333732128901923074e-08
8.138554216867468938e+00 1.312236229045635040e-08
8.158634538152611526e+00 1.290984159618707648e-08
8.178714859437750562e+00 1.269977300047239954e-08
8.198795180722891374e+00 1.249216829545196181e-08
8.218875502008032186e+00 1.228703731668535768e-08
8.238955823293172998e+00 1.208438799315644576e-08
8.259036144578313809e+00 1.188422640096946572e-08
8.279116465863452845e+00 1.168655682004225375e-08
8.299196787148595433e+00 1.149138179317052827e-08
8.319277108433734469e+00 1.129870218690457135e-08
8.339357429718875281e+00 1.110851725373785338e-08
8.359437751004016093e+00 1.092082469516401530e-08
8.379518072289156905e+00 1.073562072520885774e-08
8.399598393574297717e+00 1.055290013409109902e-08
8.419678714859436752e+00 1.037265635170782533e-08
8.439759036144579341e+00 1.019488151067968083e-08
8.459839357429718376e+00 1.001956650872629275e-08
8.479919678714859188e+00 9.846701070173631760e-09
8.500000000000000000e+00 9.676273806424833926e-09
