# log10(T) rate(cm^3/s)
# Collisional Rates
3.500000000000000000e+00 0.000000000000000000e+00
3.520080321285140368e+00 0.000000000000000000e+00
3.540160642570281180e+00 0.000000000000000000e+00
3.560240963855421548e+00 0.000000000000000000e+00
3.580321285140562360e+00 0.000000000000000000e+00
3.600401606425702727e+00 0.000000000000000000e+00
3.620481927710843539e+00 0.000000000000000000e+00
3.640562248995983907e+00 0.000000000000000000e+00
3.660642570281124719e+00 0.000000000000000000e+00
3.680722891566265087e+00 0.000000000000000000e+00
3.700803212851405455e+00 0.000000000000000000e+00
3.720883534136546267e+00 0.000000000000000000e+00
3.740963855421686635e+00 0.000000000000000000e+00
3.761044176706827447e+00 0.000000000000000000e+00
3.781124497991967814e+00 0.000000000000000000e+00
3.801204819277108626e+00 9.881312916824930884e-324
3.821285140562248994e+00 1.495166319412474691e-309
3.841365461847389362e+00 4.555962323240083989e-296
3.861445783132530174e+00 3.417150310067273073e-283
3.881526104417670542e+00 6.721242005719571589e-271
3.901606425702811354e+00 3.682999754392115709e-259
3.921686746987951722e+00 5.956607606151558423e-248
3.941767068273092534e+00 3.004600418034493504e-237
3.961847389558232901e+00 4.982280979800739472e-227
3.981927710843373269e+00 2.855970619775716511e-217
4.002008032128514081e+00 5.937548314583876870e-208
4.022088353413654893e+00 4.686952316708053992e-199
4.042168674698794817e+00 1.467596479341745795e-190
4.062248995983935629e+00 1.900639238984123039e-182
4.082329317269076441e+00 1.059482880667147363e-174
4.102409638554217253e+00 2.640772225429263458e-167
4.122489959839357176e+00 3.052142388568000370e-160
4.142570281124497988e+00 1.693541837684380015e-153
4.162650602409638800e+00 4.663407851635269347e-147
4.182730923694778724e+00 6.577723537995447546e-141
4.202811244979919536e+00 4.898236763442675495e-135
4.222891566265060348e+00 1.982119853448760159e-129
4.242971887550201160e+00 4.480368303219289515e-124
4.263052208835341084e+00 5.807886346410040718e-119
4.283132530120481896e+00 4.427450168463605759e-114
4.303212851405622708e+00 2.033003021646015282e-109
4.323293172690762631e+00 5.753312973280511346e-105
4.343373493975903443e+00 1.025630707494925165e-100
4.363453815261044255e+00 1.176048757087038958e-96
4.383534136546185067e+00 8.848699226574232289e-93
4.403614457831324991e+00 4.452670779593678504e-89
4.423694779116465803e+00 1.525957604879533006e-85
4.443775100401606615e+00 3.623948985984175269e-82
4.463855421686746539e+00 6.063673804107439434e-79
4.483935742971887350e+00 7.262313111723837719e-76
4.504016064257028162e+00 6.320628097609628199e-73
4.524096385542168974e+00 4.055607481679742927e-70
4.544176706827309786e+00 1.945105744647499903e-67
4.564257028112449710e+00 7.065340134338612568e-65
4.584337349397590522e+00 1.968241369135648348e-62
4.604417670682730446e+00 4.255842248805966953e-60
4.624497991967871258e+00 7.224798832338722331e-58
4.644578313253012070e+00 9.735216462199874058e-56
4.664658634538152882e+00 1.052148725404436490e-53
4.684738955823293693e+00 9.211865158816983743e-52
4.704819277108433617e+00 6.596121275001146042e-50
4.724899598393574429e+00 3.898031134280006644e-48
4.744979919678714353e+00 1.917716051185752151e-46
4.765060240963855165e+00 7.919579582198684881e-45
4.785140562248995977e+00 2.767150267999525456e-43
4.805220883534136789e+00 8.242423729402324447e-42
4.825301204819277601e+00 2.108139375993460054e-40
4.845381526104417524e+00 4.661814947723867031e-39
4.865461847389558336e+00 8.971728487694988960e-38
4.885542168674698260e+00 1.512124929794793806e-36
4.905622489959839072e+00 2.245389117933418100e-35
4.925702811244979884e+00 2.954420367170261800e-34
4.945783132530120696e+00 3.463393016984059761e-33
4.965863453815261508e+00 3.636176566337843221e-32
4.985943775100401432e+00 3.436088853657182685e-31
5.006024096385542244e+00 2.936465206473898696e-30
5.026104417670682167e+00 2.279806029266144231e-29
5.046184738955822979e+00 1.614975470831157588e-28
5.066265060240963791e+00 1.048156978650048771e-27
5.086345381526104603e+00 6.257419357773948253e-27
5.106425702811245415e+00 3.449144201588322451e-26
5.126506024096385339e+00 1.761729393193465262e-25
5.146586345381526151e+00 8.367056980079432477e-25
5.166666666666666963e+00 3.707134715981645375e-24
5.186746987951806886e+00 1.537085890969300129e-23
5.206827309236947698e+00 5.982084296093885982e-23
5.226907630522088510e+00 2.191509297716258370e-22
5.246987951807229322e+00 7.578028024304288384e-22
5.267068273092369246e+00 2.479838351296965436e-21
5.287148594377510058e+00 7.698850459954279003e-21
5.307228915662650870e+00 2.272982147223108579e-20
5.327309236947790794e+00 6.396162601444164775e-20
5.347389558232931606e+00 1.719244053547598998e-19
5.367469879518072418e+00 4.423325628182542803e-19
5.387550200803213230e+00 1.091470222353832830e-18
5.407630522088353153e+00 2.587891313529793220e-18
5.427710843373493965e+00 5.906550852017793744e-18
5.447791164658634777e+00 1.299939020903205357e-17
5.467871485943774701e+00 2.763292223759090427e-17
5.487951807228915513e+00 5.682337142272696362e-17
5.508032128514056325e+00 1.132072901394442693e-16
5.528112449799197137e+00 2.188217756001120051e-16
5.548192771084337949e+00 4.109310218267034377e-16
5.568273092369477872e+00 7.507172057206292779e-16
5.588353413654618684e+00 1.335839197460127790e-15
5.608433734939758608e+00 2.318031628207876073e-15
5.628514056224899420e+00 3.927042939489350883e-15
5.648594377510040232e+00 6.502262421330310213e-15
5.668674698795181044e+00 1.053333332428464408e-14
5.688755020080321856e+00 1.671088087519557018e-14
5.708835341365461780e+00 2.598815396881094457e-14
5.728915662650602592e+00 3.965391240023403555e-14
5.748995983935742515e+00 5.941628991878536855e-14
5.769076305220883327e+00 8.749665211425231799e-14
5.789156626506024139e+00 1.267315934755206492e-13
5.809236947791164951e+00 1.806802796967803146e-13
5.829317269076305763e+00 2.537342179415013122e-13
5.849397590361445687e+00 3.512253023506708201e-13
5.869477911646586499e+00 4.795277704467687736e-13
5.889558232931726423e+00 6.461494491272484342e-13
5.909638554216867234e+00 8.598077150615393925e-13
5.929718875502008046e+00 1.130485863442726796e-12
5.949799196787148858e+00 1.469464798107630504e-12
5.969879518072289670e+00 1.889320409118804842e-12
5.989959839357429594e+00 2.403895477598162287e-12
6.010040160642570406e+00 3.028243007603868024e-12
6.030120481927710330e+00 3.778536476212623107e-12
6.050200803212851142e+00 4.671950068689459850e-12
6.070281124497991954e+00 5.726511082985094154e-12
6.090361445783132766e+00 6.960920577058725840e-12
6.110441767068273577e+00 8.394348719576966890e-12
6.130522088353413501e+00 1.004622850018685642e-11
6.150602409638554313e+00 1.193603235346095612e-11
6.170682730923694237e+00 1.408298172392011533e-11
6.190763052208835049e+00 1.650575794118659592e-11
6.210843373493975861e+00 1.922229671211291008e-11
6.230923694779116673e+00 2.224955419808208022e-11
6.251004016064257485e+00 2.560326026238032563e-11
6.271084337349397408e+00 2.929760981847204318e-11
6.291164658634538220e+00 3.334511052052804893e-11
6.311244979919678144e+00 3.775644665569349993e-11
6.331325301204818956e+00 4.254034737253880192e-11
6.351405622489959768e+00 4.770348678213877678e-11
6.371485943775100580e+00 5.325041054818111041e-11
6.391566265060241392e+00 5.918347792069063436e-11
6.411646586345381316e+00 6.550287279680057925e-11
6.431726907630522128e+00 7.220652788938368381e-11
6.451807228915662051e+00 7.928973561611636786e-11
6.471887550200802863e+00 8.674499678219424404e-11
6.491967871485943675e+00 9.456219328176912395e-11
6.512048192771084487e+00 1.027289394224071001e-10
6.532128514056225299e+00 1.112307158675249179e-10
6.552208835341365223e+00 1.200509316234818964e-10
6.572289156626506035e+00 1.291711091860717120e-10
6.592369477911645959e+00 1.385711451828819316e-10
6.612449799196786770e+00 1.482295270262233637e-10
6.632530120481927582e+00 1.581235524719963930e-10
6.652610441767068394e+00 1.682295531266346478e-10
6.672690763052209206e+00 1.785231187737722209e-10
6.692771084337350018e+00 1.889793190074419671e-10
6.712851405622489942e+00 1.995729058773584277e-10
6.732931726907629866e+00 2.102780081233747479e-10
6.753012048192770678e+00 2.210673863611222098e-10
6.773092369477911490e+00 2.319133905997643209e-10
6.793172690763052302e+00 2.427886001356114685e-10
6.813253012048193114e+00 2.536660285991546502e-10
6.833333333333333925e+00 2.645187159942345415e-10
6.853413654618473849e+00 2.753197725104692180e-10
6.873493975903614661e+00 2.860430319425581685e-10
6.893574297188754585e+00 2.966631431016084347e-10
6.913654618473895397e+00 3.071557505129495787e-10
6.933734939759036209e+00 3.174976450403515697e-10
6.953815261044177021e+00 3.276668582122552173e-10
6.973895582329317833e+00 3.376427395724013788e-10
6.993975903614457756e+00 3.474060174890621752e-10
7.014056224899598568e+00 3.569387496619049426e-10
7.034136546184738492e+00 3.662238666660950969e-10
7.054216867469879304e+00 3.752455659664471336e-10
7.074297188755020116e+00 3.839895464116745235e-10
7.094377510040160928e+00 3.924428723282630018e-10
7.114457831325301740e+00 4.005938708753544557e-10
7.134538152610441664e+00 4.084311314106139736e-10
7.154618473895582476e+00 4.159439152228788321e-10
7.174698795180722399e+00 4.231228796014612694e-10
7.194779116465863211e+00 4.299600737023760324e-10
7.214859437751004023e+00 4.364489161805158289e-10
7.234939759036144835e+00 4.425841671847234603e-10
7.255020080321285647e+00 4.483618915654347425e-10
7.275100401606425571e+00 4.537794175416361867e-10
7.295180722891566383e+00 4.588352913234748637e-10
7.315261044176706307e+00 4.635292276280737419e-10
7.335341365461847118e+00 4.678620566353603994e-10
7.355421686746987930e+00 4.718355842821880449e-10
7.375502008032128742e+00 4.754523498997004957e-10
7.395582329317269554e+00 4.787158161533652736e-10
7.415662650602409478e+00 4.816300612323425470e-10
7.435742971887550290e+00 4.841995999018565915e-10
7.455823293172690214e+00 4.864297642237092262e-10
7.475903614457831026e+00 4.883266779076229672e-10
7.495983935742971838e+00 4.898971925766291727e-10
7.516064257028112650e+00 4.911488229442139612e-10
7.536144578313252573e+00 4.920896675607987273e-10
7.556224899598393385e+00 4.927280776491567745e-10
7.576305220883534197e+00 4.930725919049874306e-10
7.596385542168675009e+00 4.931321116423204973e-10
7.616465863453814933e+00 4.929158541078124334e-10
7.636546184738955745e+00 4.924332866202637827e-10
7.656626506024096557e+00 4.916940706222074484e-10
7.676706827309237369e+00 4.907080095019339570e-10
7.696787148594377292e+00 4.894849992450457904e-10
7.716867469879518104e+00 4.880349821074736776e-10
7.736947791164658916e+00 4.863678935746183720e-10
7.757028112449798840e+00 4.844934633019879134e-10
7.777108433734939652e+00 4.824212310675770561e-10
7.797188755020080464e+00 4.801606696545004213e-10
7.817269076305221276e+00 4.777211574419580986e-10
7.837349397590361200e+00 4.751119062090771148e-10
7.857429718875502012e+00 4.723415602398927851e-10
7.877510040160642824e+00 4.694183734619642717e-10
7.897590361445782747e+00 4.663504266020277603e-10
7.917670682730923559e+00 4.631456135980446735e-10
7.937751004016064371e+00 4.598116333452908228e-10
7.957831325301205183e+00 4.563559836411133932e-10
7.977911646586345107e+00 4.527859570571778324e-10
7.997991967871485919e+00 4.491086385047248426e-10
8.018072289156627619e+00 4.453309042626323326e-10
8.038152610441766655e+00 4.414594222464749900e-10
8.058232931726907466e+00 4.375006533086524389e-10
8.078313253012048278e+00 4.334608533743668650e-10
8.098393574297189090e+00 4.293460762350549571e-10
8.118473895582329902e+00 4.251621744209658460e-10
8.138554216867468938e+00 4.209147090482120618e-10
8.158634538152611526e+00 4.166089341564214968e-10
8.178714859437750562e+00 4.122499294868879718e-10
8.198795180722891374e+00 4.078426139890300670e-10
8.218875502008032186e+00 4.033917498221858737e-10
8.238955823293172998e+00 3.989019461010180486e-10
8.259036144578313809e+00 3.943776663305493047e-10
8.279116465863452845e+00 3.898232337695453587e-10
8.299196787148595433e+00 3.852428266116332895e-10
8.319277108433734469e+00 3.806404798358350563e-10
8.339357429718875281e+00 3.760200876467082232e-10
8.359437751004016093e+00 3.713854056755872542e-10
8.379518072289156905e+00 3.667400529814342057e-10
8.399598393574297717e+00 3.620875138914205890e-10
8.419678714859436752e+00 3.574311397214215309e-10
8.439759036144579341e+00 3.527741504153775254e-10
8.459839357429718376e+00 3.481196329950922570e-10
8.479919678714859188e+00 3.434704993219440336e-10
8.500000000000000000e+00 3.388295060779754926e-10
