# log10(T) rate(cm^3/s)
# Collisional Rates
3.500000000000000000e+00 0.000000000000000000e+00
3.520080321285140368e+00 0.000000000000000000e+00
3.540160642570281180e+00 0.000000000000000000e+00
3.560240963855421548e+00 0.000000000000000000e+00
3.580321285140562360e+00 0.000000000000000000e+00
3.600401606425702727e+00 0.000000000000000000e+00
3.620481927710843539e+00 0.000000000000000000e+00
3.640562248995983907e+00 0.000000000000000000e+00
3.660642570281124719e+00 0.000000000000000000e+00
3.680722891566265087e+00 0.000000000000000000e+00
3.700803212851405455e+00 0.000000000000000000e+00
3.720883534136546267e+00 0.000000000000000000e+00
3.740963855421686635e+00 0.000000000000000000e+00
3.761044176706827447e+00 0.000000000000000000e+00
3.781124497991967814e+00 0.000000000000000000e+00
3.801204819277108626e+00 0.000000000000000000e+00
3.821285140562248994e+00 0.000000000000000000e+00
3.841365461847389362e+00 0.000000000000000000e+00
3.861445783132530174e+00 0.000000000000000000e+00
3.881526104417670542e+00 0.000000000000000000e+00
3.901606425702811354e+00 1.818161576695787283e-321
3.921686746987951722e+00 1.840672761502619220e-307
3.941767068273092534e+00 4.343284652992398063e-294
3.961847389558232901e+00 2.551940706533590180e-281
3.981927710843373269e+00 3.975711644852587859e-269
4.002008032128514081e+00 1.743813070307243312e-257
4.022088353413654893e+00 2.280328815726479564e-246
4.042168674698794817e+00 9.389780651641694525e-236
4.062248995983935629e+00 1.282769825950520451e-225
4.082329317269076441e+00 6.111216636760953477e-216
4.102409638554217253e+00 1.064790962057751624e-206
4.122489959839357176e+00 7.100628402874811259e-198
4.142570281124497988e+00 1.892653580735407905e-189
4.162650602409638800e+00 2.101754561566832492e-181
4.182730923694778724e+00 1.011604875377744652e-173
4.202811244979919536e+00 2.191608907144173771e-166
4.222891566265060348e+00 2.215656048837792599e-159
4.242971887550201160e+00 1.081894501394349158e-152
4.263052208835341084e+00 2.636884558741380019e-146
4.283132530120481896e+00 3.310213780332480932e-140
4.303212851405622708e+00 2.205457402047617374e-134
4.323293172690762631e+00 8.025086634565505594e-129
4.343373493975903443e+00 1.638997305675073630e-123
4.363453815261044255e+00 1.928487934770475435e-118
4.383534136546185067e+00 1.340251908007127824e-113
4.403614457831324991e+00 5.634021102217771435e-109
4.423694779116465803e+00 1.465473228220088230e-104
4.443775100401606615e+00 2.410370458868201000e-100
4.463855421686746539e+00 2.559349985861216852e-96
4.483935742971887350e+00 1.789380258206521588e-92
4.504016064257028162e+00 8.394633995244020861e-89
4.524096385542168974e+00 2.690640293183478364e-85
4.544176706827309786e+00 5.994308743759249054e-82
4.564257028112449710e+00 9.436028314014834228e-79
4.584337349397590522e+00 1.066155585932010211e-75
4.604417670682730446e+00 8.776872488912711177e-73
4.624497991967871258e+00 5.340223656730063743e-70
4.644578313253012070e+00 2.434509224310743004e-67
4.664658634538152882e+00 8.424798732783466918e-65
4.684738955823293693e+00 2.240844107277403916e-62
4.704819277108433617e+00 4.635869929435365916e-60
4.724899598393574429e+00 7.544812974725429213e-58
4.744979919678714353e+00 9.764965382581606830e-56
4.765060240963855165e+00 1.015529526892247444e-53
4.785140562248995977e+00 8.570487520773567097e-52
4.805220883534136789e+00 5.925256953409386762e-50
4.825301204819277601e+00 3.386179117718331428e-48
4.845381526104417524e+00 1.613426987468758923e-46
4.865461847389558336e+00 6.462374308304807237e-45
4.885542168674698260e+00 2.193026394817880688e-43
4.905622489959839072e+00 6.352668710667897628e-42
4.925702811244979884e+00 1.582099665909999582e-40
4.945783132530120696e+00 3.410681113497519363e-39
4.965863453815261508e+00 6.406317000271103358e-38
4.985943775100401432e+00 1.054965417137286222e-36
5.006024096385542244e+00 1.532183653999758158e-35
5.026104417670682167e+00 1.973739877821933780e-34
5.046184738955822979e+00 2.267398344885646386e-33
5.066265060240963791e+00 2.334912212385461143e-32
5.086345381526104603e+00 2.166020646101572972e-31
5.106425702811245415e+00 1.818659848584971199e-30
5.126506024096385339e+00 1.388328409961714929e-29
5.146586345381526151e+00 9.677237730165574654e-29
5.166666666666666963e+00 6.184595771847822462e-28
5.186746987951806886e+00 3.638091484419475607e-27
5.206827309236947698e+00 1.977256682093045501e-26
5.226907630522088510e+00 9.963936038029333057e-26
5.246987951807229322e+00 4.671522302666051144e-25
5.267068273092369246e+00 2.044371188435847610e-24
5.287148594377510058e+00 8.376935761301132635e-24
5.307228915662650870e+00 3.223472427789407857e-23
5.327309236947790794e+00 1.168172619693622392e-22
5.347389558232931606e+00 3.997695104616048699e-22
5.367469879518072418e+00 1.295251349420705028e-21
5.387550200803213230e+00 3.983011850915030402e-21
5.407630522088353153e+00 1.165212891999431975e-20
5.427710843373493965e+00 3.250213002763191595e-20
5.447791164658634777e+00 8.662909626725030816e-20
5.467871485943774701e+00 2.210810665682672698e-19
5.487951807228915513e+00 5.412840753293890967e-19
5.508032128514056325e+00 1.273786262761115211e-18
5.528112449799197137e+00 2.886293250549217466e-18
5.548192771084337949e+00 6.308075006119440023e-18
5.568273092369477872e+00 1.331901772016616492e-17
5.588353413654618684e+00 2.721078002997726657e-17
5.608433734939758608e+00 5.387002924273139778e-17
5.628514056224899420e+00 1.034917416453344389e-16
5.648594377510040232e+00 1.931983709592812001e-16
5.668674698795181044e+00 3.509142064475068569e-16
5.688755020080321856e+00 6.209165575331342964e-16
5.708835341365461780e+00 1.071546881438351780e-15
5.728915662650602592e+00 1.805603822356892838e-15
5.748995983935742515e+00 2.973943540836493625e-15
5.769076305220883327e+00 4.792768464403231712e-15
5.789156626506024139e+00 7.564983980298124920e-15
5.809236947791164951e+00 1.170583834666905496e-14
5.829317269076305763e+00 1.777283498293339546e-14
5.849397590361445687e+00 2.649962608551746215e-14
5.869477911646586499e+00 3.883327710047927750e-14
5.889558232931726423e+00 5.597395415793705453e-14
5.909638554216867234e+00 7.941575687618044699e-14
5.929718875502008046e+00 1.109871248345258440e-13
5.949799196787148858e+00 1.528890146470565625e-13
5.969879518072289670e+00 2.077288995529999178e-13
5.989959839357429594e+00 2.785486023475277834e-13
6.010040160642570406e+00 3.688440450131615260e-13
6.030120481927710330e+00 4.825751854343502746e-13
6.050200803212851142e+00 6.241647050583788048e-13
6.070281124497991954e+00 7.984843952411208454e-13
6.090361445783132766e+00 1.010828641778344601e-12
6.110441767068273577e+00 1.266874899918406826e-12
6.130522088353413501e+00 1.572631557133770010e-12
6.150602409638554313e+00 1.934374069597225699e-12
6.170682730923694237e+00 2.358570704614763207e-12
6.190763052208835049e+00 2.851799603310232011e-12
6.210843373493975861e+00 3.420659179059928074e-12
6.230923694779116673e+00 4.071674076924542815e-12
6.251004016064257485e+00 4.811199033056643624e-12
6.271084337349397408e+00 5.645322991909858707e-12
6.291164658634538220e+00 6.579775769141894426e-12
6.311244979919678144e+00 7.619839399486659739e-12
6.331325301204818956e+00 8.770266094569287173e-12
6.351405622489959768e+00 1.003520447040656594e-11
6.371485943775100580e+00 1.141813540364371669e-11
6.391566265060241392e+00 1.292181855463931874e-11
6.411646586345381316e+00 1.454825026854223942e-11
6.431726907630522128e+00 1.629863324512880350e-11
6.451807228915662051e+00 1.817335806503248424e-11
6.471887550200802863e+00 2.017199638257504500e-11
6.491967871485943675e+00 2.229330534992265033e-11
6.512048192771084487e+00 2.453524262783951018e-11
6.532128514056225299e+00 2.689499116699216482e-11
6.552208835341365223e+00 2.936899281095434442e-11
6.572289156626506035e+00 3.195298967670687241e-11
6.592369477911645959e+00 3.464207220829301888e-11
6.612449799196786770e+00 3.743073277132095345e-11
6.632530120481927582e+00 4.031292365652769614e-11
6.652610441767068394e+00 4.328211838567807819e-11
6.672690763052209206e+00 4.633137525853962576e-11
6.692771084337350018e+00 4.945340214152236375e-11
6.712851405622489942e+00 5.264062157293291403e-11
6.732931726907629866e+00 5.588523534310824579e-11
6.753012048192770678e+00 5.917928779675457494e-11
6.773092369477911490e+00 6.251472719682508788e-11
6.793172690763052302e+00 6.588346458183065421e-11
6.813253012048193114e+00 6.927742963960833654e-11
6.833333333333333925e+00 7.268862320869142251e-11
6.853413654618473849e+00 7.610916610229310247e-11
6.873493975903614661e+00 7.953134402862425809e-11
6.893574297188754585e+00 8.294764845417842510e-11
6.913654618473895397e+00 8.635081332333934564e-11
6.933734939759036209e+00 8.973384760796419309e-11
6.953815261044177021e+00 9.309006371443704797e-11
6.973895582329317833e+00 9.641310182308489862e-11
6.993975903614457756e+00 9.969695027596422780e-11
7.014056224899598568e+00 1.029359621640344430e-10
7.034136546184738492e+00 1.061248682938673736e-10
7.054216867469879304e+00 1.092587867375738458e-10
7.074297188755020116e+00 1.123332291878144190e-10
7.094377510040160928e+00 1.153441043529346285e-10
7.114457831325301740e+00 1.182877186357104282e-10
7.134538152610441664e+00 1.211607743432733554e-10
7.154618473895582476e+00 1.239603656758507128e-10
7.174698795180722399e+00 1.266839727383981681e-10
7.194779116465863211e+00 1.293294538124386725e-10
7.214859437751004023e+00 1.318950361158723992e-10
7.234939759036144835e+00 1.343793052666743037e-10
7.255020080321285647e+00 1.367811936526943349e-10
7.275100401606425571e+00 1.390999678947249536e-10
7.295180722891566383e+00 1.413352155740668190e-10
7.315261044176706307e+00 1.434868313794733709e-10
7.335341365461847118e+00 1.455550028120316361e-10
7.355421686746987930e+00 1.475401955706262074e-10
7.375502008032128742e+00 1.494431387255074670e-10
7.395582329317269554e+00 1.512648097734119407e-10
7.415662650602409478e+00 1.530064196549197630e-10
7.435742971887550290e+00 1.546693978034209367e-10
7.455823293172690214e+00 1.562553772853077753e-10
7.475903614457831026e+00 1.577661800828371560e-10
7.495983935742971838e+00 1.592038025644804458e-10
7.516064257028112650e+00 1.605704011824065986e-10
7.536144578313252573e+00 1.618682784328978717e-10
7.556224899598393385e+00 1.630998691127911750e-10
7.576305220883534197e+00 1.642677269032794818e-10
7.596385542168675009e+00 1.653745113113753844e-10
7.616465863453814933e+00 1.664229749988111320e-10
7.636546184738955745e+00 1.674159515279068454e-10
7.656626506024096557e+00 1.683563435537750762e-10
7.676706827309237369e+00 1.692471114919609938e-10
7.696787148594377292e+00 1.700912626900774898e-10
7.716867469879518104e+00 1.708918411310596469e-10
7.736947791164658916e+00 1.716519176942295123e-10
7.757028112449798840e+00 1.723745809983699854e-10
7.777108433734939652e+00 1.730629288484242441e-10
7.797188755020080464e+00 1.737200603042650804e-10
7.817269076305221276e+00 1.743490683862577798e-10
7.837349397590361200e+00 1.749530334281162573e-10
7.857429718875502012e+00 1.755350170829241404e-10
7.877510040160642824e+00 1.760980569832477065e-10
7.897590361445782747e+00 1.766451620511287486e-10
7.917670682730923559e+00 1.771793084485345160e-10
7.937751004016064371e+00 1.777034361536790527e-10
7.957831325301205183e+00 1.782204461436551048e-10
7.977911646586345107e+00 1.787331981591277692e-10
7.997991967871485919e+00 1.792445090225717215e-10
8.018072289156627619e+00 1.797571514777561781e-10
8.038152610441766655e+00 1.802738535149950329e-10
8.058232931726907466e+00 1.807972981441292839e-10
8.078313253012048278e+00 1.813301235753415029e-10
8.098393574297189090e+00 1.818749237667361660e-10
8.118473895582329902e+00 1.824342492971525382e-10
8.138554216867468938e+00 1.830106085228894404e-10
8.158634538152611526e+00 1.836064689778707702e-10
8.178714859437750562e+00 1.842242589782190108e-10
8.198795180722891374e+00 1.848663693941604232e-10
8.218875502008032186e+00 1.855351555545773104e-10
8.238955823293172998e+00 1.862329392522812041e-10
8.259036144578313809e+00 1.869620108211000888e-10
8.279116465863452845e+00 1.877246312590777663e-10
8.299196787148595433e+00 1.885230343753854371e-10
8.319277108433734469e+00 1.893594289418588246e-10
8.339357429718875281e+00 1.902360008333372129e-10
8.359437751004016093e+00 1.911549151441096298e-10
8.379518072289156905e+00 1.921183182707381044e-10
8.399598393574297717e+00 1.931283399542560924e-10
8.419678714859436752e+00 1.941870952772265195e-10
8.439759036144579341e+00 1.952966866133394833e-10
8.459839357429718376e+00 1.964592055291391007e-10
8.479919678714859188e+00 1.976767346390858912e-10
8.500000000000000000e+00 1.989513494164760731e-10
