# log10(T) rate(cm^3/s)
# Collisional Rates
3.500000000000000000e+00 1.306248320586274380e-164
3.520080321285140368e+00 1.316569389895883653e-157
3.540160642570281180e+00 6.410129106275051843e-151
3.560240963855421548e+00 1.558017931570585408e-144
3.580321285140562360e+00 1.950712564617555687e-138
3.600401606425702727e+00 1.296420179607449612e-132
3.620481927710843539e+00 4.706069310113005923e-127
3.640562248995983907e+00 9.589537811184669501e-122
3.660642570281124719e+00 1.125886035006671501e-116
3.680722891566265087e+00 7.808492362045972755e-112
3.700803212851405455e+00 3.276013659276271137e-107
3.720883534136546267e+00 8.505365311351594354e-103
3.740963855421686635e+00 1.396452991472007136e-98
3.761044176706827447e+00 1.480258439348528048e-94
3.781124497991967814e+00 1.033265989589385595e-90
3.801204819277108626e+00 4.840025233267662755e-87
3.821285140562248994e+00 1.549070333821811028e-83
3.841365461847389362e+00 3.446323965904513607e-80
3.861445783132530174e+00 5.417990545176308405e-77
3.881526104417670542e+00 6.114076162930082779e-74
3.901606425702811354e+00 5.027352126698904238e-71
3.921686746987951722e+00 3.055449120013284646e-68
3.941767068273092534e+00 1.391453957050282365e-65
3.961847389558232901e+00 4.810424398720458535e-63
3.981927710843373269e+00 1.278278705539208718e-60
4.002008032128514081e+00 2.642152144916083438e-58
4.022088353413654893e+00 4.296446411779951454e-56
4.042168674698794817e+00 5.556313322794873385e-54
4.062248995983935629e+00 5.774090074874088854e-52
4.082329317269076441e+00 4.869569174270869603e-50
4.102409638554217253e+00 3.364375259137257034e-48
4.122489959839357176e+00 1.921484223626526619e-46
4.142570281124497988e+00 9.150030122318785040e-45
4.162650602409638800e+00 3.662920876997377351e-43
4.182730923694778724e+00 1.242386409092298370e-41
4.202811244979919536e+00 3.597169626411644988e-40
4.222891566265060348e+00 8.954558974325113633e-39
4.242971887550201160e+00 1.929613017588843245e-37
4.263052208835341084e+00 3.623002917156316201e-36
4.283132530120481896e+00 5.964051437140646639e-35
4.303212851405622708e+00 8.659004352193857783e-34
4.323293172690762631e+00 1.115093897215332216e-32
4.343373493975903443e+00 1.280629460341319764e-31
4.363453815261044255e+00 1.318406824317739324e-30
4.383534136546185067e+00 1.222737158760874438e-29
4.403614457831324991e+00 1.026411149278587103e-28
4.423694779116465803e+00 7.833728168499514486e-28
4.443775100401606615e+00 5.459343744553201090e-27
4.463855421686746539e+00 3.488339269277017496e-26
4.483935742971887350e+00 2.051654717052620934e-25
4.504016064257028162e+00 1.114861995254428148e-24
4.524096385542168974e+00 5.617198411233494322e-24
4.544176706827309786e+00 2.633180410659657217e-23
4.564257028112449710e+00 1.152171327283853869e-22
4.584337349397590522e+00 4.720397234529810880e-22
4.604417670682730446e+00 1.816157198733576467e-21
4.624497991967871258e+00 6.580695364944990309e-21
4.644578313253012070e+00 2.251686762079888123e-20
4.664658634538152882e+00 7.294293113918017919e-20
4.684738955823293693e+00 2.242683271919285556e-19
4.704819277108433617e+00 6.559702588280779654e-19
4.724899598393574429e+00 1.829395149866021957e-18
4.744979919678714353e+00 4.874943329745003886e-18
4.765060240963855165e+00 1.243825929336793002e-17
4.785140562248995977e+00 3.044574835198062641e-17
4.805220883534136789e+00 7.162774437771088768e-17
4.825301204819277601e+00 1.622547079664628103e-16
4.845381526104417524e+00 3.544977814626985906e-16
4.865461847389558336e+00 7.482301655272754197e-16
4.885542168674698260e+00 1.528043488165501045e-15
4.905622489959839072e+00 3.023833288349636594e-15
4.925702811244979884e+00 5.806511459547855982e-15
4.945783132530120696e+00 1.083412697544866045e-14
4.965863453815261508e+00 1.966767716155742112e-14
4.985943775100401432e+00 3.477977101196099436e-14
5.006024096385542244e+00 5.998251237229604049e-14
5.026104417670682167e+00 1.010028360253050353e-13
5.046184738955822979e+00 1.662333357256710022e-13
5.066265060240963791e+00 2.676836964396238949e-13
5.086345381526104603e+00 4.221516647057377121e-13
5.106425702811245415e+00 6.526228068588562301e-13
5.126506024096385339e+00 9.898952148627894339e-13
5.146586345381526151e+00 1.474409329968044325e-12
5.166666666666666963e+00 2.158245079220944744e-12
5.186746987951806886e+00 3.107229825149367269e-12
5.206827309236947698e+00 4.403082729645603651e-12
5.226907630522088510e+00 6.145505642796690341e-12
5.246987951807229322e+00 8.454119079834218992e-12
5.267068273092369246e+00 1.147013555339556924e-11
5.287148594377510058e+00 1.535766235735254549e-11
5.307228915662650870e+00 2.030453261690666659e-11
5.327309236947790794e+00 2.652257633958622763e-11
5.347389558232931606e+00 3.424726216384367136e-11
5.367469879518072418e+00 4.373666389938534562e-11
5.387550200803213230e+00 5.526973155942089762e-11
5.407630522088353153e+00 6.914388210514088390e-11
5.427710843373493965e+00 8.567194736059945478e-11
5.447791164658634777e+00 1.051785449603304073e-10
5.467871485943774701e+00 1.279959621160411156e-10
5.487951807228915513e+00 1.544596287558692887e-10
5.508032128514056325e+00 1.849033400472142464e-10
5.528112449799197137e+00 2.196543998568441351e-10
5.548192771084337949e+00 2.590287574076717346e-10
5.568273092369477872e+00 3.033262860941728738e-10
5.588353413654618684e+00 3.528263232450533825e-10
5.608433734939758608e+00 4.077832650166745433e-10
5.628514056224899420e+00 4.684225461889131942e-10
5.648594377510040232e+00 5.349378077866672162e-10
5.668674698795181044e+00 6.074884040709362404e-10
5.688755020080321856e+00 6.861975120024928424e-10
5.708835341365461780e+00 7.711508927068146588e-10
5.728915662650602592e+00 8.623962828918787526e-10
5.748995983935742515e+00 9.599413502744631928e-10
5.769076305220883327e+00 1.063751384543213122e-09
5.789156626506024139e+00 1.173752929832553444e-09
5.809236947791164951e+00 1.289835782532353044e-09
5.829317269076305763e+00 1.411855079030033255e-09
5.849397590361445687e+00 1.539633781189242811e-09
5.869477911646586499e+00 1.672965485249213504e-09
5.889558232931726423e+00 1.811617474245082317e-09
5.909638554216867234e+00 1.955330494417947684e-09
5.929718875502008046e+00 2.103803981968625814e-09
5.949799196787148858e+00 2.256708550922538934e-09
5.969879518072289670e+00 2.413696095427437852e-09
5.989959839357429594e+00 2.574403649386461164e-09
6.010040160642570406e+00 2.738457253068660600e-09
6.030120481927710330e+00 2.905475883545004142e-09
6.050200803212851142e+00 3.075074969840365540e-09
6.070281124497991954e+00 3.246869730691729595e-09
6.090361445783132766e+00 3.420478355252684624e-09
6.110441767068273577e+00 3.595522059566401108e-09
6.130522088353413501e+00 3.771582261652043935e-09
6.150602409638554313e+00 3.948207013198395246e-09
6.170682730923694237e+00 4.124949129920208876e-09
6.190763052208835049e+00 4.301370168222293880e-09
6.210843373493975861e+00 4.477043737377464599e-09
6.230923694779116673e+00 4.651558539308200029e-09
6.251004016064257485e+00 4.824521090379326727e-09
6.271084337349397408e+00 4.995558391554483020e-09
6.291164658634538220e+00 5.164323984863540094e-09
6.311244979919678144e+00 5.330498350323690289e-09
6.331325301204818956e+00 5.493786710294186717e-09
6.351405622489959768e+00 5.653919755539114652e-09
6.371485943775100580e+00 5.810654072967420413e-09
6.391566265060241392e+00 5.963735185409651975e-09
6.411646586345381316e+00 6.112829706506750951e-09
6.431726907630522128e+00 6.257609036278103448e-09
6.451807228915662051e+00 6.397775903217848536e-09
6.471887550200802863e+00 6.533072985573378463e-09
6.491967871485943675e+00 6.663270087866567275e-09
6.512048192771084487e+00 6.788163127365061180e-09
6.532128514056225299e+00 6.907574769158886680e-09
6.552208835341365223e+00 7.021354771336229946e-09
6.572289156626506035e+00 7.129380044383163288e-09
6.592369477911645959e+00 7.231554434204580973e-09
6.612449799196786770e+00 7.327808242982985929e-09
6.632530120481927582e+00 7.418097506351992183e-09
6.652610441767068394e+00 7.502409536319968544e-09
6.672690763052209206e+00 7.580786493656528858e-09
6.692771084337350018e+00 7.653298499984644185e-09
6.712851405622489942e+00 7.720031344508233640e-09
6.732931726907629866e+00 7.781084989664102918e-09
6.753012048192770678e+00 7.836572062198931480e-09
6.773092369477911490e+00 7.886610372908019740e-09
6.793172690763052302e+00 7.931247782191550432e-09
6.813253012048193114e+00 7.970485585155137648e-09
6.833333333333333925e+00 8.004334989326709211e-09
6.853413654618473849e+00 8.032818550431474707e-09
6.873493975903614661e+00 8.055970291721695480e-09
6.893574297188754585e+00 8.073835741948557888e-09
6.913654618473895397e+00 8.086473036926580647e-09
6.933734939759036209e+00 8.093981110829721695e-09
6.953815261044177021e+00 8.096497144270201613e-09
6.973895582329317833e+00 8.094162879020377138e-09
6.993975903614457756e+00 8.087122885285108081e-09
7.014056224899598568e+00 8.075524504326870563e-09
7.034136546184738492e+00 8.059517757141736794e-09
7.054216867469879304e+00 8.039255214691684240e-09
7.074297188755020116e+00 8.014891827170515291e-09
7.094377510040160928e+00 7.986584711555905673e-09
7.114457831325301740e+00 7.954492898258734761e-09
7.134538152610441664e+00 7.918777039012274254e-09
7.154618473895582476e+00 7.879599079246316040e-09
7.174698795180722399e+00 7.837121899070267301e-09
7.194779116465863211e+00 7.791508927655718550e-09
7.214859437751004023e+00 7.742923736278274634e-09
7.234939759036144835e+00 7.691529615568324213e-09
7.255020080321285647e+00 7.637489142650795145e-09
7.275100401606425571e+00 7.580963743844971608e-09
7.295180722891566383e+00 7.522113258466699797e-09
7.315261044176706307e+00 7.461103099952138882e-09
7.335341365461847118e+00 7.398126864936252462e-09
7.355421686746987930e+00 7.333378101516554565e-09
7.375502008032128742e+00 7.267040836343737389e-09
7.395582329317269554e+00 7.199289649651836532e-09
7.415662650602409478e+00 7.130289784438056471e-09
7.435742971887550290e+00 7.060197286163834316e-09
7.455823293172690214e+00 6.989159169828700521e-09
7.475903614457831026e+00 6.917313611560432927e-09
7.495983935742971838e+00 6.844788126886948820e-09
7.516064257028112650e+00 6.771677951603385492e-09
7.536144578313252573e+00 6.698055871514910914e-09
7.556224899598393385e+00 6.623988768252343240e-09
7.576305220883534197e+00 6.549538455870997974e-09
7.596385542168675009e+00 6.474762209568992791e-09
7.616465863453814933e+00 6.399713263957005883e-09
7.636546184738955745e+00 6.324441277841929255e-09
7.656626506024096557e+00 6.248992763293014536e-09
7.676706827309237369e+00 6.173411477532923133e-09
7.696787148594377292e+00 6.097738776924465576e-09
7.716867469879518104e+00 6.022013932995906630e-09
7.736947791164658916e+00 5.946274411054506783e-09
7.757028112449798840e+00 5.870556112472515521e-09
7.777108433734939652e+00 5.794893582188752427e-09
7.797188755020080464e+00 5.719320183348754301e-09
7.817269076305221276e+00 5.643868241308750575e-09
7.837349397590361200e+00 5.568569159454444519e-09
7.857429718875502012e+00 5.493453509439215809e-09
7.877510040160642824e+00 5.418551098532247834e-09
7.897590361445782747e+00 5.343891016792393177e-09
7.917670682730923559e+00 5.269501666754203501e-09
7.937751004016064371e+00 5.195410778237346059e-09
7.957831325301205183e+00 5.121645410775524439e-09
7.977911646586345107e+00 5.048231946015485310e-09
7.997991967871485919e+00 4.975196072266611376e-09
8.018072289156627619e+00 4.902562763195370960e-09
8.038152610441766655e+00 4.830358452648317349e-09
8.058232931726907466e+00 4.758616815706084505e-09
8.078313253012048278e+00 4.687371163617752902e-09
8.098393574297189090e+00 4.616652262484403793e-09
8.118473895582329902e+00 4.546488441948751664e-09
8.138554216867468938e+00 4.476905703582418188e-09
8.158634538152611526e+00 4.407927828487439192e-09
8.178714859437750562e+00 4.339576483667199838e-09
8.198795180722891374e+00 4.271871326763051168e-09
8.218875502008032186e+00 4.204830108796872127e-09
8.238955823293172998e+00 4.138468774603058050e-09
8.259036144578313809e+00 4.072801560677762593e-09
8.279116465863452845e+00 4.007841090215593235e-09
8.299196787148595433e+00 3.943598465145039085e-09
8.319277108433734469e+00 3.880083355012954331e-09
8.339357429718875281e+00 3.817304082604441871e-09
8.359437751004016093e+00 3.755267706218416789e-09
8.379518072289156905e+00 3.693980098549516181e-09
8.399598393574297717e+00 3.633446022154751060e-09
8.419678714859436752e+00 3.573669201508022510e-09
8.439759036144579341e+00 3.514652391667163245e-09
8.459839357429718376e+00 3.456397443597330674e-09
8.479919678714859188e+00 3.398905366210423040e-09
8.500000000000000000e+00 3.342176385194229925e-09
