# log10(T) rate(cm^3/s)
# Collisional Rates
3.500000000000000000e+00 0.000000000000000000e+00
3.520080321285140368e+00 0.000000000000000000e+00
3.540160642570281180e+00 4.694435721465758860e-312
3.560240963855421548e+00 1.946604783306228018e-298
3.580321285140562360e+00 1.959390558593979050e-285
3.600401606425702727e+00 5.103808783456101318e-273
3.620481927710843539e+00 3.656991778048395732e-261
3.640562248995983907e+00 7.640772419253624380e-250
3.660642570281124719e+00 4.921724716229610267e-239
3.680722891566265087e+00 1.030752826871073434e-228
3.700803212851405455e+00 7.384072886698812526e-219
3.720883534136546267e+00 1.899295421673505719e-209
3.740963855421686635e+00 1.837146900658476546e-200
3.761044176706827447e+00 6.984600665258398008e-192
3.781124497991967814e+00 1.088704378854670247e-183
3.801204819277108626e+00 7.243449430772399508e-176
3.821285140562248994e+00 2.137734594801621661e-168
3.841365461847389362e+00 2.903260459258050172e-161
3.861445783132530174e+00 1.879196980604983157e-154
3.881526104417670542e+00 5.994524838386297921e-148
3.901606425702811354e+00 9.730123502645358573e-142
3.921686746987951722e+00 8.285536996439657830e-136
3.941767068273092534e+00 3.810835782635233545e-130
3.961847389558232901e+00 9.734275721005349875e-125
3.981927710843373269e+00 1.418114588927263809e-119
4.002008032128514081e+00 1.208543424160535437e-114
4.022088353413654893e+00 6.172733577375065817e-110
4.042168674698794817e+00 1.933761144592146456e-105
4.062248995983935629e+00 3.798655564334671025e-101
4.082329317269076441e+00 4.778781230521304585e-97
4.102409638554217253e+00 3.928339880043428597e-93
4.122489959839357176e+00 2.151072432858706420e-89
4.142570281124497988e+00 7.991479804016628089e-86
4.162650602409638800e+00 2.049922587402545375e-82
4.182730923694778724e+00 3.691932337962925082e-79
4.202811244979919536e+00 4.743681733771039060e-76
4.222891566265060348e+00 4.415184286472718383e-73
4.242971887550201160e+00 3.020509072815292727e-70
4.263052208835341084e+00 1.540104270717552013e-67
4.283132530120481896e+00 5.930980100516301621e-65
4.303212851405622708e+00 1.747093820393203559e-62
4.323293172690762631e+00 3.984534656199684962e-60
4.343373493975903443e+00 7.117561000517290416e-58
4.363453815261044255e+00 1.006863751894737299e-55
4.383534136546185067e+00 1.139916961351018467e-53
4.403614457831324991e+00 1.043299427462007805e-51
4.423694779116465803e+00 7.793826115700779299e-50
4.443775100401606615e+00 4.796038031787132636e-48
4.463855421686746539e+00 2.452498816147088435e-46
4.483935742971887350e+00 1.050900203231777159e-44
4.504016064257028162e+00 3.803721172440464547e-43
4.524096385542168974e+00 1.171822169615430601e-41
4.544176706827309786e+00 3.095153829444994361e-40
4.564257028112449710e+00 7.058119664412484242e-39
4.584337349397590522e+00 1.398828155225813738e-37
4.604417670682730446e+00 2.424712906844038636e-36
4.624497991967871258e+00 3.698320505929543082e-35
4.644578313253012070e+00 4.992360148578915658e-34
4.664658634538152882e+00 5.997356745055460483e-33
4.684738955823293693e+00 6.445456169755141057e-32
4.704819277108433617e+00 6.228321647608909597e-31
4.724899598393574429e+00 5.437472531066616388e-30
4.744979919678714353e+00 4.308465307458046143e-29
4.765060240963855165e+00 3.112063222635826254e-28
4.785140562248995977e+00 2.057734672133053012e-27
4.805220883534136789e+00 1.250484467096720308e-26
4.825301204819277601e+00 7.010833409288032490e-26
4.845381526104417524e+00 3.639511193449163143e-25
4.865461847389558336e+00 1.755523914615038790e-24
4.885542168674698260e+00 7.894065509216824769e-24
4.905622489959839072e+00 3.319707875552250421e-23
4.925702811244979884e+00 1.309534291286068882e-22
4.945783132530120696e+00 4.859650850394471199e-22
4.965863453815261508e+00 1.701222332198093742e-21
4.985943775100401432e+00 5.632839720958558876e-21
5.006024096385542244e+00 1.768458338796176332e-20
5.026104417670682167e+00 5.277215752578883046e-20
5.046184738955822979e+00 1.500209040098334456e-19
5.066265060240963791e+00 4.071786104630108919e-19
5.086345381526104603e+00 1.057330501294038769e-18
5.106425702811245415e+00 2.632052505617324163e-18
5.126506024096385339e+00 6.293069211742165902e-18
5.146586345381526151e+00 1.447782845941479899e-17
5.166666666666666963e+00 3.210483039143482071e-17
5.186746987951806886e+00 6.873569840550520107e-17
5.206827309236947698e+00 1.423068364580672325e-16
5.226907630522088510e+00 2.853356057139712043e-16
5.246987951807229322e+00 5.548794249935057625e-16
5.267068273092369246e+00 1.047975233458319067e-15
5.287148594377510058e+00 1.924790206419794842e-15
5.307228915662650870e+00 3.442232273805029074e-15
5.327309236947790794e+00 6.001241166706819939e-15
5.347389558232931606e+00 1.021133019859203965e-14
5.367469879518072418e+00 1.697608655530022699e-14
5.387550200803213230e+00 2.760317105756059658e-14
5.407630522088353153e+00 4.394182640624469176e-14
5.427710843373493965e+00 6.854992718884992059e-14
5.447791164658634777e+00 1.048911904642335943e-13
5.467871485943774701e+00 1.575613451166919816e-13
5.487951807228915513e+00 2.325399092271693696e-13
5.508032128514056325e+00 3.374618349981658916e-13
5.528112449799197137e+00 4.819006744721263742e-13
5.548192771084337949e+00 6.776532950276553066e-13
5.568273092369477872e+00 9.390139143173793097e-13
5.588353413654618684e+00 1.283023997959142073e-12
5.608433734939758608e+00 1.729684021590298970e-12
5.628514056224899420e+00 2.302113313797705892e-12
5.648594377510040232e+00 3.026645231386977663e-12
5.668674698795181044e+00 3.932846148462268361e-12
5.688755020080321856e+00 5.053443877789272956e-12
5.708835341365461780e+00 6.424166349392747641e-12
5.728915662650602592e+00 8.083492633495956140e-12
5.748995983935742515e+00 1.007231080453871092e-11
5.769076305220883327e+00 1.243349024544577731e-11
5.789156626506024139e+00 1.521137731549309470e-11
5.809236947791164951e+00 1.845122207239666894e-11
5.829317269076305763e+00 2.219854505124752097e-11
5.849397590361445687e+00 2.649848464550339273e-11
5.869477911646586499e+00 3.139512502372632491e-11
5.889558232931726423e+00 3.693078285269970417e-11
5.909638554216867234e+00 4.314527521267944505e-11
5.929718875502008046e+00 5.007531690529643520e-11
5.949799196787148858e+00 5.775395082757659932e-11
5.969879518072289670e+00 6.620997183019825731e-11
5.989959839357429594e+00 7.546740341493565640e-11
6.010040160642570406e+00 8.554512506236163890e-11
6.030120481927710330e+00 9.645662304732216711e-11
6.050200803212851142e+00 1.082100500686106996e-10
6.070281124497991954e+00 1.208074665403794569e-10
6.090361445783132766e+00 1.342453889169092123e-10
6.110441767068273577e+00 1.485147280578008238e-10
6.130522088353413501e+00 1.636009382939680678e-10
6.150602409638554313e+00 1.794854822444963732e-10
6.170682730923694237e+00 1.961438601780609273e-10
6.190763052208835049e+00 2.135442519579516360e-10
6.210843373493975861e+00 2.316513707888412551e-10
6.230923694779116673e+00 2.504257137099306899e-10
6.251004016064257485e+00 2.698240140665826196e-10
6.271084337349397408e+00 2.898056775180235754e-10
6.291164658634538220e+00 3.103304884149957120e-10
6.311244979919678144e+00 3.313332175478776733e-10
6.331325301204818956e+00 3.527598079328204466e-10
6.351405622489959768e+00 3.745546943432660961e-10
6.371485943775100580e+00 3.966612447117589036e-10
6.391566265060241392e+00 4.190221755627513784e-10
6.411646586345381316e+00 4.416025779372183687e-10
6.431726907630522128e+00 4.644031702858336837e-10
6.451807228915662051e+00 4.872947213064175384e-10
6.471887550200802863e+00 5.102193764693326363e-10
6.491967871485943675e+00 5.331193222490674682e-10
6.512048192771084487e+00 5.559377581740132680e-10
6.532128514056225299e+00 5.786193012314019587e-10
6.552208835341365223e+00 6.011099106599056858e-10
6.572289156626506035e+00 6.233567440807363829e-10
6.592369477911645959e+00 6.455942919366039598e-10
6.612449799196786770e+00 6.675540924985440766e-10
6.632530120481927582e+00 6.891434913426291085e-10
6.652610441767068394e+00 7.103180975296004899e-10
6.672690763052209206e+00 7.310360211192057092e-10
6.692771084337350018e+00 7.512582200408823473e-10
6.712851405622489942e+00 7.709485981661916382e-10
6.732931726907629866e+00 7.900740111281913465e-10
6.753012048192770678e+00 8.086036170403427799e-10
6.773092369477911490e+00 8.265091419650811455e-10
6.793172690763052302e+00 8.441699911870266665e-10
6.813253012048193114e+00 8.615055269214028127e-10
6.833333333333333925e+00 8.781750585835895598e-10
6.853413654618473849e+00 8.941587972094881832e-10
6.873493975903614661e+00 9.094388943376309410e-10
6.893574297188754585e+00 9.240003195670709272e-10
6.913654618473895397e+00 9.378308353221164910e-10
6.933734939759036209e+00 9.509209096626775874e-10
6.953815261044177021e+00 9.632634422346570261e-10
6.973895582329317833e+00 9.748533427473079260e-10
6.993975903614457756e+00 9.856878853910439715e-10
7.014056224899598568e+00 9.957664666746759905e-10
7.034136546184738492e+00 1.005089142118365279e-09
7.054216867469879304e+00 1.013761474215772268e-09
7.074297188755020116e+00 1.022615305577062499e-09
7.094377510040160928e+00 1.030746722198167184e-09
7.114457831325301740e+00 1.038162396552259095e-09
7.134538152610441664e+00 1.044870431507676237e-09
7.154618473895582476e+00 1.050879511206303216e-09
7.174698795180722399e+00 1.056198801303464346e-09
7.194779116465863211e+00 1.060838654577756489e-09
7.214859437751004023e+00 1.064810903138713305e-09
7.234939759036144835e+00 1.068128705322276631e-09
7.255020080321285647e+00 1.070806393397640224e-09
7.275100401606425571e+00 1.072859109396842356e-09
7.295180722891566383e+00 1.074301198478658384e-09
7.315261044176706307e+00 1.075146157159712009e-09
7.335341365461847118e+00 1.075408419817147077e-09
7.355421686746987930e+00 1.075103155038938113e-09
7.375502008032128742e+00 1.074246263782955615e-09
7.395582329317269554e+00 1.072854405405731005e-09
7.415662650602409478e+00 1.070944852168761398e-09
7.435742971887550290e+00 1.068534658043222274e-09
7.455823293172690214e+00 1.066130803980461521e-09
7.475903614457831026e+00 1.063585723660107953e-09
7.495983935742971838e+00 1.060598638712106234e-09
7.516064257028112650e+00 1.057186578018062030e-09
7.536144578313252573e+00 1.053366724451499269e-09
7.556224899598393385e+00 1.049156292086522295e-09
7.576305220883534197e+00 1.044572120535544828e-09
7.596385542168675009e+00 1.039630605347036144e-09
7.616465863453814933e+00 1.034347799493029866e-09
7.636546184738955745e+00 1.028739256712086848e-09
7.656626506024096557e+00 1.022820306664924739e-09
7.676706827309237369e+00 1.016605747702638774e-09
7.696787148594377292e+00 1.010108548963314279e-09
7.716867469879518104e+00 1.003341166073243157e-09
7.736947791164658916e+00 9.963161160901647910e-10
7.757028112449798840e+00 9.890459359889909942e-10
7.777108433734939652e+00 9.815431434206451900e-10
7.797188755020080464e+00 9.738202003071417933e-10
7.817269076305221276e+00 9.658893285540510399e-10
7.837349397590361200e+00 9.577617812146416048e-10
7.857429718875502012e+00 9.494484387979617545e-10
7.877510040160642824e+00 9.409600192845409979e-10
7.897590361445782747e+00 9.323072368835862562e-10
7.917670682730923559e+00 9.235008020005826464e-10
7.937751004016064371e+00 9.145513835567015365e-10
7.957831325301205183e+00 9.054695725675233584e-10
7.977911646586345107e+00 8.962658500697944687e-10
7.997991967871485919e+00 8.869505361468499656e-10
8.018072289156627619e+00 8.775335783698996638e-10
8.038152610441766655e+00 8.680246673492143070e-10
8.058232931726907466e+00 8.584333394847972678e-10
8.078313253012048278e+00 8.487689517296285941e-10
8.098393574297189090e+00 8.390406584158330873e-10
8.118473895582329902e+00 8.292573911347799695e-10
8.138554216867468938e+00 8.194278414498053806e-10
8.158634538152611526e+00 8.095604463275701460e-10
8.178714859437750562e+00 7.998027507474654410e-10
8.198795180722891374e+00 7.901032712802679446e-10
8.218875502008032186e+00 7.803903543468727262e-10
8.238955823293172998e+00 7.706711706196058705e-10
8.259036144578313809e+00 7.609525745215268226e-10
8.279116465863452845e+00 7.512410965028267006e-10
8.299196787148595433e+00 7.415429447406092845e-10
8.319277108433734469e+00 7.318640112576268642e-10
8.339357429718875281e+00 7.222098758368655456e-10
8.359437751004016093e+00 7.125858116039671750e-10
8.379518072289156905e+00 7.029967921945529950e-10
8.399598393574297717e+00 6.934474104092164446e-10
8.419678714859436752e+00 6.839415639701362115e-10
8.439759036144579341e+00 6.744828351748216709e-10
8.459839357429718376e+00 6.650746434569289696e-10
8.479919678714859188e+00 6.557202477793410666e-10
8.500000000000000000e+00 6.464227488882932190e-10
