# log10(T) rate(cm^3/s)
# Collisional Rates
3.500000000000000000e+00 1.606482216629172080e-65
3.520080321285140368e+00 5.561905620083838102e-63
3.540160642570281180e+00 1.480241988527742366e-60
3.560240963855421548e+00 3.064551266411625988e-58
3.580321285140562360e+00 4.991792654738691985e-56
3.600401606425702727e+00 6.467096748176867800e-54
3.620481927710843539e+00 6.733182816822249418e-52
3.640562248995983907e+00 5.689599558994924205e-50
3.660642570281124719e+00 3.939049154258879765e-48
3.680722891566265087e+00 2.254563958309665304e-46
3.700803212851405455e+00 1.076047642364258522e-44
3.720883534136546267e+00 4.317832487248084603e-43
3.740963855421686635e+00 1.468154871283143215e-41
3.761044176706827447e+00 4.261891006497457612e-40
3.781124497991967814e+00 1.063807127733102349e-38
3.801204819277108626e+00 2.298894193814951534e-37
3.821285140562248994e+00 4.329144888316790551e-36
3.841365461847389362e+00 7.148517021196184936e-35
3.861445783132530174e+00 1.041218885955222082e-33
3.881526104417670542e+00 1.345381131337642872e-32
3.901606425702811354e+00 1.550527569873684803e-31
3.921686746987951722e+00 1.602108326196931273e-30
3.941767068273092534e+00 1.491517504043376152e-29
3.961847389558232901e+00 1.257007537703245351e-28
3.981927710843373269e+00 9.633339856022718319e-28
4.002008032128514081e+00 6.742382972716499784e-27
4.022088353413654893e+00 4.327441205440459002e-26
4.042168674698794817e+00 2.557015026901534357e-25
4.062248995983935629e+00 1.396194481046648403e-24
4.082329317269076441e+00 7.070038969170605435e-24
4.102409638554217253e+00 3.331528391505925882e-23
4.122489959839357176e+00 1.465637683911779911e-22
4.142570281124497988e+00 6.038411641198134791e-22
4.162650602409638800e+00 2.336804047532725122e-21
4.182730923694778724e+00 8.518389923026319151e-21
4.202811244979919536e+00 2.932950967746406688e-20
4.222891566265060348e+00 9.562850522526518135e-20
4.242971887550201160e+00 2.959903780849342509e-19
4.263052208835341084e+00 8.717647821321837275e-19
4.283132530120481896e+00 2.448668652852083973e-18
4.303212851405622708e+00 6.573594118527498923e-18
4.323293172690762631e+00 1.690085980542918666e-17
4.343373493975903443e+00 4.169636973528264116e-17
4.363453815261044255e+00 9.889699789543533860e-17
4.383534136546185067e+00 2.259115343374595655e-16
4.403614457831324991e+00 4.978562121923826642e-16
4.423694779116465803e+00 1.060195197841591590e-15
4.443775100401606615e+00 2.185033581398604705e-15
4.463855421686746539e+00 4.364797252700779643e-15
4.483935742971887350e+00 8.462869949853347805e-15
4.504016064257028162e+00 1.594794823727675538e-14
4.524096385542168974e+00 2.924722539770945342e-14
4.544176706827309786e+00 5.226257339832528628e-14
4.564257028112449710e+00 9.110291772164576234e-14
4.584337349397590522e+00 1.550939713569724305e-13
4.604417670682730446e+00 2.581321656432858410e-13
4.624497991967871258e+00 4.204516244425546041e-13
4.644578313253012070e+00 6.708700469476646410e-13
4.664658634538152882e+00 1.049570279577625888e-12
4.684738955823293693e+00 1.611458449784824186e-12
4.704819277108433617e+00 2.430116635961058568e-12
4.724899598393574429e+00 3.602338645760176925e-12
4.744979919678714353e+00 5.253202749313904819e-12
4.765060240963855165e+00 7.541596982634690419e-12
4.785140562248995977e+00 1.066607323869677592e-11
4.805220883534136789e+00 1.487086848657433518e-11
4.825301204819277601e+00 2.045189786731585936e-11
4.845381526104417524e+00 2.776249781816399166e-11
4.865461847389558336e+00 3.721867945060753223e-11
4.885542168674698260e+00 4.930364583872670104e-11
4.905622489959839072e+00 6.457133180200309813e-11
4.925702811244979884e+00 8.364874224900923084e-11
4.945783132530120696e+00 1.072368958965347377e-10
4.965863453815261508e+00 1.361102076313082039e-10
4.985943775100401432e+00 1.711142001264234273e-10
5.006024096385542244e+00 2.131614845900922645e-10
5.026104417670682167e+00 2.632260050044493200e-10
5.046184738955822979e+00 3.223356516937476413e-10
5.066265060240963791e+00 3.915632826395237926e-10
5.086345381526104603e+00 4.720162342035538713e-10
5.106425702811245415e+00 5.648246207539407217e-10
5.126506024096385339e+00 6.711286189056531730e-10
5.146586345381526151e+00 7.920649957185580180e-10
5.166666666666666963e+00 9.287536971596754619e-10
5.186746987951806886e+00 1.082284363237758722e-09
5.206827309236947698e+00 1.253701788798419694e-09
5.226907630522088510e+00 1.443992159718888253e-09
5.246987951807229322e+00 1.654069919605227548e-09
5.267068273092369246e+00 1.884765435442407137e-09
5.287148594377510058e+00 2.136813694966662352e-09
5.307228915662650870e+00 2.410847751073987226e-09
5.327309236947790794e+00 2.707394947052937065e-09
5.347389558232931606e+00 3.026865223024197257e-09
5.367469879518072418e+00 3.369544579348191252e-09
5.387550200803213230e+00 3.735590638610659873e-09
5.407630522088353153e+00 4.125029680563340183e-09
5.427710843373493965e+00 4.537755121138561203e-09
5.447791164658634777e+00 4.973527411406468565e-09
5.467871485943774701e+00 5.431981224300884803e-09
5.487951807228915513e+00 5.912659263814608890e-09
5.508032128514056325e+00 6.415000274683206741e-09
5.528112449799197137e+00 6.938332210925611474e-09
5.548192771084337949e+00 7.481877030542892306e-09
5.568273092369477872e+00 8.044755998363292678e-09
5.588353413654618684e+00 8.625994646754435831e-09
5.608433734939758608e+00 9.224530088741134484e-09
5.628514056224899420e+00 9.839218685612642325e-09
5.648594377510040232e+00 1.046884356916513445e-08
5.668674698795181044e+00 1.111212742693197811e-08
5.688755020080321856e+00 1.176781877623242924e-08
5.708835341365461780e+00 1.243468806538630964e-08
5.728915662650602592e+00 1.311147548554904066e-08
5.748995983935742515e+00 1.379689877577265267e-08
5.769076305220883327e+00 1.448965829680688231e-08
5.789156626506024139e+00 1.518844185226535270e-08
5.809236947791164951e+00 1.589192935499015641e-08
5.829317269076305763e+00 1.659879542192195671e-08
5.849397590361445687e+00 1.730768707646160593e-08
5.869477911646586499e+00 1.801723634690634802e-08
5.889558232931726423e+00 1.872608738222751479e-08
5.909638554216867234e+00 1.943290175143400725e-08
5.929718875502008046e+00 2.013636302896526673e-08
5.949799196787148858e+00 2.083524540940741237e-08
5.969879518072289670e+00 2.152853477825129189e-08
5.989959839357429594e+00 2.221528671750705380e-08
6.010040160642570406e+00 2.289454795827811738e-08
6.030120481927710330e+00 2.356530969852541560e-08
6.050200803212851142e+00 2.422660037260710420e-08
6.070281124497991954e+00 2.487749818385536509e-08
6.090361445783132766e+00 2.551713063572224613e-08
6.110441767068273577e+00 2.614467390664446108e-08
6.130522088353413501e+00 2.675935213018798591e-08
6.150602409638554313e+00 2.736043663137243445e-08
6.170682730923694237e+00 2.794724515927694632e-08
6.190763052208835049e+00 2.851914114548145970e-08
6.210843373493975861e+00 2.907549005397778467e-08
6.230923694779116673e+00 2.961549547315685915e-08
6.251004016064257485e+00 3.013836770428665643e-08
6.271084337349397408e+00 3.064339477758528338e-08
6.291164658634538220e+00 3.112994151691220496e-08
6.311244979919678144e+00 3.159744818879347178e-08
6.331325301204818956e+00 3.204543918001108897e-08
6.351405622489959768e+00 3.247364851363645515e-08
6.371485943775100580e+00 3.288197444033565734e-08
6.391566265060241392e+00 3.327037693266684685e-08
6.411646586345381316e+00 3.363887027566454921e-08
6.431726907630522128e+00 3.398751790623114148e-08
6.451807228915662051e+00 3.431642741797249227e-08
6.471887550200802863e+00 3.462573815892417063e-08
6.491967871485943675e+00 3.491542937305236134e-08
6.512048192771084487e+00 3.518533166378815890e-08
6.532128514056225299e+00 3.543534349901359834e-08
6.552208835341365223e+00 3.566543640086643750e-08
6.572289156626506035e+00 3.587564889774685797e-08
6.592369477911645959e+00 3.606608053613655073e-08
6.612449799196786770e+00 3.623688602091930394e-08
6.632530120481927582e+00 3.638826954115590770e-08
6.652610441767068394e+00 3.652047932728023896e-08
6.672690763052209206e+00 3.663380247555114233e-08
6.692771084337350018e+00 3.672856006638774537e-08
6.712851405622489942e+00 3.680510259496599780e-08
6.732931726907629866e+00 3.686380572516463188e-08
6.753012048192770678e+00 3.690506637159931606e-08
6.773092369477911490e+00 3.692929910903592950e-08
6.793172690763052302e+00 3.693693290387700406e-08
6.813253012048193114e+00 3.692840815860477786e-08
6.833333333333333925e+00 3.690417405698056148e-08
6.853413654618473849e+00 3.686468619536839286e-08
6.873493975903614661e+00 3.681035422787224165e-08
6.893574297188754585e+00 3.674138792392065461e-08
6.913654618473895397e+00 3.665797957709040232e-08
6.933734939759036209e+00 3.656036258132266966e-08
6.953815261044177021e+00 3.644880736300706604e-08
6.973895582329317833e+00 3.632361744291652769e-08
6.993975903614457756e+00 3.618512565122962775e-08
7.014056224899598568e+00 3.603369051296929786e-08
7.034136546184738492e+00 3.586969281662853815e-08
7.054216867469879304e+00 3.569353590700844771e-08
7.074297188755020116e+00 3.550568047052705797e-08
7.094377510040160928e+00 3.530662505801454653e-08
7.114457831325301740e+00 3.509687529586951150e-08
7.134538152610441664e+00 3.487694047272148703e-08
7.154618473895582476e+00 3.464733086584239097e-08
7.174698795180722399e+00 3.440855532053047007e-08
7.194779116465863211e+00 3.416111907724324943e-08
7.214859437751004023e+00 3.390552183914249340e-08
7.234939759036144835e+00 3.364225607091872021e-08
7.255020080321285647e+00 3.337180551827482040e-08
7.275100401606425571e+00 3.309464393625920757e-08
7.295180722891566383e+00 3.281123401372946798e-08
7.315261044176706307e+00 3.252202648058414054e-08
7.335341365461847118e+00 3.222745938400099571e-08
7.355421686746987930e+00 3.192795751974663866e-08
7.375502008032128742e+00 3.162393200464740903e-08
7.395582329317269554e+00 3.131577997651749714e-08
7.415662650602409478e+00 3.100388440819825365e-08
7.435742971887550290e+00 3.068861402285118909e-08
7.455823293172690214e+00 3.037032329824319291e-08
7.475903614457831026e+00 3.004935254843999592e-08
7.495983935742971838e+00 2.972602807206809097e-08
7.516064257028112650e+00 2.940066235708709532e-08
7.536144578313252573e+00 2.907355433282528421e-08
7.556224899598393385e+00 2.874498966084699588e-08
7.576305220883534197e+00 2.841524105702970667e-08
7.596385542168675009e+00 2.808455407243035622e-08
7.616465863453814933e+00 2.775310909655438955e-08
7.636546184738955745e+00 2.742107182689273779e-08
7.656626506024096557e+00 2.708860785495596013e-08
7.676706827309237369e+00 2.675588215560847595e-08
7.696787148594377292e+00 2.642305859219469057e-08
7.716867469879518104e+00 2.609029944211142436e-08
7.736947791164658916e+00 2.575776494670115254e-08
7.757028112449798840e+00 2.542561288858849042e-08
7.777108433734939652e+00 2.509399819887091732e-08
7.797188755020080464e+00 2.476307259591047342e-08
7.817269076305221276e+00 2.443298425686747207e-08
7.837349397590361200e+00 2.410387752256901517e-08
7.857429718875502012e+00 2.377589263582098310e-08
7.877510040160642824e+00 2.344916551284842958e-08
7.897590361445782747e+00 2.312382754718736383e-08
7.917670682730923559e+00 2.280000544504669849e-08
7.937751004016064371e+00 2.247782109091003488e-08
7.957831325301205183e+00 2.215739144194986275e-08
7.977911646586345107e+00 2.183882844967315145e-08
7.997991967871485919e+00 2.152223900711090694e-08
8.018072289156627619e+00 2.120772491978982338e-08
8.038152610441766655e+00 2.089538289868597806e-08
8.058232931726907466e+00 2.058530457334964011e-08
8.078313253012048278e+00 2.027757652340385484e-08
8.098393574297189090e+00 1.997228032665161056e-08
8.118473895582329902e+00 1.966949262207755030e-08
8.138554216867468938e+00 1.936928518609305691e-08
8.158634538152611526e+00 1.907172502044646082e-08
8.178714859437750562e+00 1.877687445030161702e-08
8.198795180722891374e+00 1.848479123107384310e-08
8.218875502008032186e+00 1.819552866270275698e-08
8.238955823293172998e+00 1.790913571013184118e-08
8.259036144578313809e+00 1.762565712885641075e-08
8.279116465863452845e+00 1.734513359449219841e-08
8.299196787148595433e+00 1.706760183540475610e-08
8.319277108433734469e+00 1.679309476752629602e-08
8.339357429718875281e+00 1.652164163056748897e-08
8.359437751004016093e+00 1.625326812491236836e-08
8.379518072289156905e+00 1.598799654855646265e-08
8.399598393574297717e+00 1.572584593352018755e-08
8.419678714859436752e+00 1.546683218123433072e-08
8.439759036144579341e+00 1.521096819645541475e-08
8.459839357429718376e+00 1.495826401932614406e-08
8.479919678714859188e+00 1.470872695524738006e-08
8.500000000000000000e+00 1.446236170227755932e-08
