# log10(T) rate(cm^3/s)
# Collisional Rates
3.500000000000000000e+00 8.741187757089877635e-65
3.520080321285140368e+00 2.861197779392319959e-62
3.540160642570281180e+00 7.216671050296094707e-60
3.560240963855421548e+00 1.419258177145227254e-57
3.580321285140562360e+00 2.200984284061654724e-55
3.600401606425702727e+00 2.720706281219910967e-53
3.620481927710843539e+00 2.708485863687921748e-51
3.640562248995983907e+00 2.192932769862444610e-49
3.660642570281124719e+00 1.457683702051377295e-47
3.680722891566265087e+00 8.026870052223891908e-46
3.700803212851405455e+00 3.693244469713461583e-44
3.720883534136546267e+00 1.431588499253552606e-42
3.740963855421686635e+00 4.711815165086722003e-41
3.761044176706827447e+00 1.326716058983637138e-39
3.781124497991967814e+00 3.218851693520881491e-38
3.801204819277108626e+00 6.775316108416088330e-37
3.821285140562248994e+00 1.245373691631358960e-35
3.841365461847389362e+00 2.011477870975515782e-34
3.861445783132530174e+00 2.871788926740366466e-33
3.881526104417670542e+00 3.644721099512637188e-32
3.901606425702811354e+00 4.134132660931068227e-31
3.921686746987951722e+00 4.212423674931347434e-30
3.941767068273092534e+00 3.874507471448062826e-29
3.961847389558232901e+00 3.231781567101726495e-28
3.981927710843373269e+00 2.455346561256805598e-27
4.002008032128514081e+00 1.706231861288862760e-26
4.022088353413654893e+00 1.088772741227282031e-25
4.042168674698794817e+00 6.403912017051980206e-25
4.062248995983935629e+00 3.484322943011528939e-24
4.082329317269076441e+00 1.759696334710301624e-23
4.102409638554217253e+00 8.275865873587715675e-23
4.122489959839357176e+00 3.635726000785144897e-22
4.142570281124497988e+00 1.496425172782878854e-21
4.162650602409638800e+00 5.786766933115168690e-21
4.182730923694778724e+00 2.108177271367404353e-20
4.202811244979919536e+00 7.254091297272385086e-20
4.222891566265060348e+00 2.363394644173815697e-19
4.242971887550201160e+00 7.307914807906539818e-19
4.263052208835341084e+00 2.149501307966912726e-18
4.283132530120481896e+00 6.027871027500657597e-18
4.303212851405622708e+00 1.614791879457467470e-17
4.323293172690762631e+00 4.140555434672749937e-17
4.343373493975903443e+00 1.018164541287115051e-16
4.363453815261044255e+00 2.405402040425131958e-16
4.383534136546185067e+00 5.469244241820064740e-16
4.403614457831324991e+00 1.199338188076383400e-15
4.423694779116465803e+00 2.539619161124571107e-15
4.443775100401606615e+00 5.200453866600166897e-15
4.463855421686746539e+00 1.031335350193822612e-14
4.483935742971887350e+00 1.983615495915362342e-14
4.504016064257028162e+00 3.705106791665732572e-14
4.524096385542168974e+00 6.729630594831168492e-14
4.544176706827309786e+00 1.191307684985563120e-13
4.564257028112449710e+00 2.056169709846922439e-13
4.584337349397590522e+00 3.462956627218014019e-13
4.604417670682730446e+00 5.697215050265905652e-13
4.624497991967871258e+00 9.165567977862682403e-13
4.644578313253012070e+00 1.443349387345812760e-12
4.664658634538152882e+00 2.226969223860679177e-12
4.684738955823293693e+00 3.369651518671413554e-12
4.704819277108433617e+00 5.010178551548584226e-12
4.724899598393574429e+00 7.329894869991791733e-12
4.744979919678714353e+00 1.054123080137071377e-11
4.765060240963855165e+00 1.491322956544328271e-11
4.785140562248995977e+00 2.077120744448068305e-11
4.805220883534136789e+00 2.850165781019297742e-11
4.825301204819277601e+00 3.855600353297091889e-11
4.845381526104417524e+00 5.145288005366755808e-11
4.865461847389558336e+00 6.777868145519706973e-11
4.885542168674698260e+00 8.818616522814342862e-11
4.905622489959839072e+00 1.134337898637309701e-10
4.925702811244979884e+00 1.448150095636025137e-10
4.945783132530120696e+00 1.828603349547567056e-10
4.965863453815261508e+00 2.284969995345078450e-10
4.985943775100401432e+00 2.826876820245044773e-10
5.006024096385542244e+00 3.464172726407080008e-10
5.026104417670682167e+00 4.206784628383153351e-10
5.046184738955822979e+00 5.064559276247916012e-10
5.066265060240963791e+00 6.047107076538951658e-10
5.086345381526104603e+00 7.163652994714257254e-10
5.106425702811245415e+00 8.422886897967844193e-10
5.126506024096385339e+00 9.832793944010979034e-10
5.146586345381526151e+00 1.140053107116826826e-09
5.166666666666666963e+00 1.313232639843925491e-09
5.186746987951806886e+00 1.507250687984274289e-09
5.206827309236947698e+00 1.721976456019253926e-09
5.226907630522088510e+00 1.955809485376430636e-09
5.246987951807229322e+00 2.209015916313530128e-09
5.267068273092369246e+00 2.481728189825882485e-09
5.287148594377510058e+00 2.773945243753632930e-09
5.307228915662650870e+00 3.085535595660263422e-09
5.327309236947790794e+00 3.416241525041540858e-09
5.347389558232931606e+00 3.765685440564863861e-09
5.367469879518072418e+00 4.133378941874128930e-09
5.387550200803213230e+00 4.518722650141355966e-09
5.407630522088353153e+00 4.921001177183386889e-09
5.427710843373493965e+00 5.339373273321108060e-09
5.447791164658634777e+00 5.772897206014547824e-09
5.467871485943774701e+00 6.220553742622861616e-09
5.487951807228915513e+00 6.681257614437606073e-09
5.508032128514056325e+00 7.153864271903919281e-09
5.528112449799197137e+00 7.637185695739322165e-09
5.548192771084337949e+00 8.130005760498839399e-09
5.568273092369477872e+00 8.633898176392206154e-09
5.588353413654618684e+00 9.162861144337659494e-09
5.608433734939758608e+00 9.699106384466559439e-09
5.628514056224899420e+00 1.024134029293054868e-08
5.648594377510040232e+00 1.078826847853283994e-08
5.668674698795181044e+00 1.133860777655214332e-08
5.688755020080321856e+00 1.189103862257955527e-08
5.708835341365461780e+00 1.244419269836197461e-08
5.728915662650602592e+00 1.299671913846492449e-08
5.748995983935742515e+00 1.354730307229354847e-08
5.769076305220883327e+00 1.409466656392898225e-08
5.789156626506024139e+00 1.463754748797928541e-08
5.809236947791164951e+00 1.517472061577123947e-08
5.829317269076305763e+00 1.570501104137572069e-08
5.849397590361445687e+00 1.622730168951771139e-08
5.869477911646586499e+00 1.674053365313428517e-08
5.889558232931726423e+00 1.724368773352184518e-08
5.909638554216867234e+00 1.773579503347256325e-08
5.929718875502008046e+00 1.821593863179784786e-08
5.949799196787148858e+00 1.868327426564855470e-08
5.969879518072289670e+00 1.913701978154244493e-08
5.989959839357429594e+00 1.957644269651681844e-08
6.010040160642570406e+00 2.000088526284639173e-08
6.030120481927710330e+00 2.040976737669306533e-08
6.050200803212851142e+00 2.080258171065131861e-08
6.070281124497991954e+00 2.117889267594118169e-08
6.090361445783132766e+00 2.153821243343979095e-08
6.110441767068273577e+00 2.188014111617028416e-08
6.130522088353413501e+00 2.220434948504019584e-08
6.150602409638554313e+00 2.251056394964057150e-08
6.170682730923694237e+00 2.279856077942808781e-08
6.190763052208835049e+00 2.306818046551477554e-08
6.210843373493975861e+00 2.331932647004730206e-08
6.230923694779116673e+00 2.355196491837369820e-08
6.251004016064257485e+00 2.376612197963898731e-08
6.271084337349397408e+00 2.396188083702667695e-08
6.291164658634538220e+00 2.414147211359551162e-08
6.311244979919678144e+00 2.431301044600610226e-08
6.331325301204818956e+00 2.446656607836917964e-08
6.351405622489959768e+00 2.460234134114497165e-08
6.371485943775100580e+00 2.472055536851948519e-08
6.391566265060241392e+00 2.482147342569419826e-08
6.411646586345381316e+00 2.490540571869899905e-08
6.431726907630522128e+00 2.497271078961843181e-08
6.451807228915662051e+00 2.502378355860000089e-08
6.471887550200802863e+00 2.505904736841728946e-08
6.491967871485943675e+00 2.507895051973379463e-08
6.512048192771084487e+00 2.508395249475258579e-08
6.532128514056225299e+00 2.507452626723278595e-08
6.552208835341365223e+00 2.505114484418602323e-08
6.572289156626506035e+00 2.501429088480884453e-08
6.592369477911645959e+00 2.496446091875930891e-08
6.612449799196786770e+00 2.490216243041440118e-08
6.632530120481927582e+00 2.482791102646572687e-08
6.652610441767068394e+00 2.474222776571268925e-08
6.672690763052209206e+00 2.464563662102568156e-08
6.692771084337350018e+00 2.453866034144816577e-08
6.712851405622489942e+00 2.442181490179973074e-08
6.732931726907629866e+00 2.429562920608291308e-08
6.753012048192770678e+00 2.416058305713036043e-08
6.773092369477911490e+00 2.401717498860226391e-08
6.793172690763052302e+00 2.386588689755916416e-08
6.813253012048193114e+00 2.370716233402853511e-08
6.833333333333333925e+00 2.354142943389283893e-08
6.853413654618473849e+00 2.336910439615076055e-08
6.873493975903614661e+00 2.319059071821729896e-08
6.893574297188754585e+00 2.300628087417520245e-08
6.913654618473895397e+00 2.281655611098418847e-08
6.933734939759036209e+00 2.262178616923266012e-08
6.953815261044177021e+00 2.242232904092981937e-08
6.973895582329317833e+00 2.221853089697128116e-08
6.993975903614457756e+00 2.201072609432448360e-08
7.014056224899598568e+00 2.179923507802297846e-08
7.034136546184738492e+00 2.158435936500489532e-08
7.054216867469879304e+00 2.136638805531178298e-08
7.074297188755020116e+00 2.114559888718792762e-08
7.094377510040160928e+00 2.092225254315415459e-08
7.114457831325301740e+00 2.069659724682766786e-08
7.134538152610441664e+00 2.046887254062516615e-08
7.154618473895582476e+00 2.023930956672130258e-08
7.174698795180722399e+00 2.000813131852400512e-08
7.194779116465863211e+00 1.977555289465704450e-08
7.214859437751004023e+00 1.954178192320618367e-08
7.234939759036144835e+00 1.930701863183026540e-08
7.255020080321285647e+00 1.907145495533406536e-08
7.275100401606425571e+00 1.883527078590388933e-08
7.295180722891566383e+00 1.859863803877029319e-08
7.315261044176706307e+00 1.836172266601640142e-08
7.335341365461847118e+00 1.812468476507612082e-08
7.355421686746987930e+00 1.788767870553781497e-08
7.375502008032128742e+00 1.765085312537075255e-08
7.395582329317269554e+00 1.741435096448400680e-08
7.415662650602409478e+00 1.717830898116461365e-08
7.435742971887550290e+00 1.694285721901853239e-08
7.455823293172690214e+00 1.670812404629356295e-08
7.475903614457831026e+00 1.647422141133603739e-08
7.495983935742971838e+00 1.624126263986973559e-08
7.516064257028112650e+00 1.600935604904240589e-08
7.536144578313252573e+00 1.577860496945750900e-08
7.556224899598393385e+00 1.554910776130360463e-08
7.576305220883534197e+00 1.532095742280244292e-08
7.596385542168675009e+00 1.509424165997986243e-08
7.616465863453814933e+00 1.486904350133293337e-08
7.636546184738955745e+00 1.464544138008459761e-08
7.656626506024096557e+00 1.442350919135582499e-08
7.676706827309237369e+00 1.420331632892455199e-08
7.696787148594377292e+00 1.398492777624593638e-08
7.716867469879518104e+00 1.376840422268958512e-08
7.736947791164658916e+00 1.355380215709108763e-08
7.757028112449798840e+00 1.334117396729491246e-08
7.777108433734939652e+00 1.313056804583367890e-08
7.797188755020080464e+00 1.292202890085646359e-08
7.817269076305221276e+00 1.271559727030810891e-08
7.837349397590361200e+00 1.251131024210344846e-08
7.857429718875502012e+00 1.230920137788437267e-08
7.877510040160642824e+00 1.210930083777116387e-08
7.897590361445782747e+00 1.191163550669083137e-08
7.917670682730923559e+00 1.171622912773026627e-08
7.937751004016064371e+00 1.152310248415193210e-08
7.957831325301205183e+00 1.133227348963849212e-08
7.977911646586345107e+00 1.114375727466294908e-08
7.997991967871485919e+00 1.095756630777313894e-08
8.018072289156627619e+00 1.077371052313474595e-08
8.038152610441766655e+00 1.059219745000759920e-08
8.058232931726907466e+00 1.041303233844851528e-08
8.078313253012048278e+00 1.023621829025798447e-08
8.098393574297189090e+00 1.006175635645319359e-08
8.118473895582329902e+00 9.889645644245567444e-09
8.138554216867468938e+00 9.719883426183958498e-09
8.158634538152611526e+00 9.552465245832411302e-09
8.178714859437750562e+00 9.387385019901163425e-09
8.198795180722891374e+00 9.224635136775539508e-09
8.218875502008032186e+00 9.064206551413395041e-09
8.238955823293172998e+00 8.906088876586208425e-09
8.259036144578313809e+00 8.750270470065285687e-09
8.279116465863452845e+00 8.596738518698902649e-09
8.299196787148595433e+00 8.445479119451869477e-09
8.319277108433734469e+00 8.296477356373965382e-09
8.339357429718875281e+00 8.149717374099652624e-09
8.359437751004016093e+00 8.005182447987956587e-09
8.379518072289156905e+00 7.862855050983827064e-09
8.399598393574297717e+00 7.722716917289563550e-09
8.419678714859436752e+00 7.584749102938877607e-09
8.439759036144579341e+00 7.448932043370171454e-09
8.459839357429718376e+00 7.315245608098318421e-09
8.479919678714859188e+00 7.183669152585140840e-09
8.500000000000000000e+00 7.054181567411022599e-09
