# log10(T) rate(cm^3/s)
# Collisional Rates
3.500000000000000000e+00 9.239052552669880551e-126
3.520080321285140368e+00 1.595995892262804598e-120
3.540160642570281180e+00 1.600396646867251510e-115
3.560240963855421548e+00 9.547445515522318469e-111
3.580321285140562360e+00 3.468968501949476843e-106
3.600401606425702727e+00 7.850487081674291609e-102
3.620481927710843539e+00 1.130487455082242058e-97
3.640562248995983907e+00 1.057250312795040936e-93
3.660642570281124719e+00 6.547900073359486496e-90
3.680722891566265087e+00 2.736055580916253267e-86
3.700803212851405455e+00 7.851769236549401760e-83
3.720883534136546267e+00 1.573990320697628225e-79
3.740963855421686635e+00 2.240100692214024310e-76
3.761044176706827447e+00 2.298713873888816519e-73
3.781124497991967814e+00 1.726121677314570345e-70
3.801204819277108626e+00 9.619538297316698350e-68
3.821285140562248994e+00 4.032586592073207158e-65
3.841365461847389362e+00 1.288088670809952719e-62
3.861445783132530174e+00 3.173758614942208706e-60
3.881526104417670542e+00 6.103241410714271519e-58
3.901606425702811354e+00 9.263349049559516975e-56
3.921686746987951722e+00 1.121602278407683842e-53
3.941767068273092534e+00 1.094474974918760158e-51
3.961847389558232901e+00 8.691630773154219791e-50
3.981927710843373269e+00 5.669780799834658950e-48
4.002008032128514081e+00 3.065203207357042044e-46
4.022088353413654893e+00 1.385046363526380772e-44
4.042168674698794817e+00 5.273499423042782533e-43
4.062248995983935629e+00 1.704988919344530073e-41
4.082329317269076441e+00 4.715621998295363197e-40
4.102409638554217253e+00 1.123603071075961121e-38
4.122489959839357176e+00 2.322023936663606802e-37
4.142570281124497988e+00 4.188817966383392803e-36
4.162650602409638800e+00 6.636701677460961585e-35
4.182730923694778724e+00 9.289527554567554838e-34
4.202811244979919536e+00 1.155167463528315237e-32
4.222891566265060348e+00 1.282997715269237644e-31
4.242971887550201160e+00 1.279237482057887545e-30
4.263052208835341084e+00 1.150629300010596532e-29
4.283132530120481896e+00 9.379887449717855821e-29
4.303212851405622708e+00 6.960901053446659124e-28
4.323293172690762631e+00 4.722581347815330393e-27
4.343373493975903443e+00 2.941012542325719365e-26
4.363453815261044255e+00 1.687701230879507119e-25
4.383534136546185067e+00 8.957307046608564303e-25
4.403614457831324991e+00 4.412371349595322577e-24
4.423694779116465803e+00 2.024135934733497658e-23
4.443775100401606615e+00 8.675102209955836208e-23
4.463855421686746539e+00 3.484239958694905648e-22
4.483935742971887350e+00 1.315258346472094576e-21
4.504016064257028162e+00 4.679475407270647709e-21
4.524096385542168974e+00 1.573348850125879205e-20
4.544176706827309786e+00 5.011882800059820917e-20
4.564257028112449710e+00 1.516285744934195650e-19
4.584337349397590522e+00 4.366907061904338339e-19
4.604417670682730446e+00 1.199892916406574633e-18
4.624497991967871258e+00 3.152143907282810899e-18
4.644578313253012070e+00 7.933090331085034451e-18
4.664658634538152882e+00 1.916415690619220435e-17
4.684738955823293693e+00 4.451929282990608473e-17
4.704819277108433617e+00 9.962816306255684155e-17
4.724899598393574429e+00 2.151398745498151799e-16
4.744979919678714353e+00 4.490154407264767789e-16
4.765060240963855165e+00 9.071276959792525155e-16
4.785140562248995977e+00 1.776550479481428043e-15
4.805220883534136789e+00 3.377498316489075602e-15
4.825301204819277601e+00 6.241663036833786045e-15
4.845381526104417524e+00 1.122654482001587850e-14
4.865461847389558336e+00 1.967707997815603118e-14
4.885542168674698260e+00 3.364714995684776476e-14
4.905622489959839072e+00 5.619409399493281158e-14
4.925702811244979884e+00 9.175878552629412182e-14
4.945783132530120696e+00 1.466419830589967961e-13
4.965863453815261508e+00 2.295842606025452200e-13
4.985943775100401432e+00 3.524517905100841973e-13
5.006024096385542244e+00 5.310238649754293660e-13
5.026104417670682167e+00 7.858705558103975097e-13
5.046184738955822979e+00 1.143300785898841307e-12
5.066265060240963791e+00 1.636351427559616100e-12
5.086345381526104603e+00 2.305783592558583804e-12
5.106425702811245415e+00 3.201047377587452133e-12
5.126506024096385339e+00 4.381171231996604926e-12
5.146586345381526151e+00 5.915534068278533369e-12
5.166666666666666963e+00 7.884482022864960710e-12
5.186746987951806886e+00 1.037975878273003785e-11
5.206827309236947698e+00 1.350472786866793881e-11
5.226907630522088510e+00 1.737434558192152026e-11
5.246987951807229322e+00 2.211488145286145079e-11
5.267068273092369246e+00 2.786348769248315929e-11
5.287148594377510058e+00 3.476757070714811666e-11
5.307228915662650870e+00 4.298401910445692662e-11
5.327309236947790794e+00 5.267828806940097013e-11
5.347389558232931606e+00 6.402341598725425501e-11
5.367469879518072418e+00 7.719891731320999123e-11
5.387550200803213230e+00 9.238969003373551993e-11
5.407630522088353153e+00 1.097849679925786839e-10
5.427710843373493965e+00 1.295771711794455202e-10
5.447791164658634777e+00 1.519594483762641971e-10
5.467871485943774701e+00 1.771249562425142041e-10
5.487951807228915513e+00 2.052652485646408040e-10
5.508032128514056325e+00 2.365685264031691028e-10
5.528112449799197137e+00 2.712173541807322745e-10
5.548192771084337949e+00 3.093889003490012674e-10
5.568273092369477872e+00 3.512451616790486370e-10
5.588353413654618684e+00 3.969380756901444262e-10
5.608433734939758608e+00 4.466046668030301243e-10
5.628514056224899420e+00 5.003645197080038897e-10
5.648594377510040232e+00 5.583171357401946592e-10
5.668674698795181044e+00 6.205395079842528695e-10
5.688755020080321856e+00 6.871025812753226156e-10
5.708835341365461780e+00 7.580147785490662122e-10
5.728915662650602592e+00 8.332663981949965173e-10
5.748995983935742515e+00 9.128139426937836123e-10
5.769076305220883327e+00 9.965805820627770870e-10
5.789156626506024139e+00 1.084456508040172514e-09
5.809236947791164951e+00 1.176298999362604867e-09
5.829317269076305763e+00 1.271932618554658484e-09
5.849397590361445687e+00 1.371199381901824413e-09
5.869477911646586499e+00 1.473857148898535434e-09
5.889558232931726423e+00 1.579613367393600839e-09
5.909638554216867234e+00 1.688186442059899343e-09
5.929718875502008046e+00 1.799275636786980931e-09
5.949799196787148858e+00 1.912564469700797728e-09
5.969879518072289670e+00 2.027724350291943724e-09
5.989959839357429594e+00 2.144417553931012874e-09
6.010040160642570406e+00 2.262294048879510345e-09
6.030120481927710330e+00 2.380993804740395525e-09
6.050200803212851142e+00 2.500218227901899028e-09
6.070281124497991954e+00 2.619715854971093314e-09
6.090361445783132766e+00 2.738975122302619530e-09
6.110441767068273577e+00 2.857648058961053699e-09
6.130522088353413501e+00 2.975396165088801624e-09
6.150602409638554313e+00 3.091894099137094103e-09
6.170682730923694237e+00 3.206831427828083177e-09
6.190763052208835049e+00 3.319914869331908912e-09
6.210843373493975861e+00 3.430869704491326101e-09
6.230923694779116673e+00 3.539440814625589871e-09
6.251004016064257485e+00 3.645393397272214156e-09
6.271084337349397408e+00 3.748513238540589397e-09
6.291164658634538220e+00 3.848604013981587146e-09
6.311244979919678144e+00 3.945485483997889132e-09
6.331325301204818956e+00 4.039306754033270608e-09
6.351405622489959768e+00 4.129685478581729937e-09
6.371485943775100580e+00 4.216435044986192828e-09
6.391566265060241392e+00 4.299451271145160159e-09
6.411646586345381316e+00 4.378640333412571368e-09
6.431726907630522128e+00 4.453925299953605812e-09
6.451807228915662051e+00 4.525246701797817550e-09
6.471887550200802863e+00 4.592561447585655169e-09
6.491967871485943675e+00 4.655842095051112988e-09
6.512048192771084487e+00 4.715077683185720509e-09
6.532128514056225299e+00 4.770281043517922500e-09
6.552208835341365223e+00 4.821482205357726231e-09
6.572289156626506035e+00 4.868723217461924905e-09
6.592369477911645959e+00 4.912056133558037602e-09
6.612449799196786770e+00 4.951542258372339112e-09
6.632530120481927582e+00 4.987250126388703235e-09
6.652610441767068394e+00 5.019254787763169257e-09
6.672690763052209206e+00 5.047637532609075420e-09
6.692771084337350018e+00 5.072481065507699401e-09
6.712851405622489942e+00 5.093980602787854683e-09
6.732931726907629866e+00 5.112337146222657884e-09
6.753012048192770678e+00 5.127421096489189469e-09
6.773092369477911490e+00 5.139331836713737780e-09
6.793172690763052302e+00 5.148171658079991344e-09
6.813253012048193114e+00 5.154044410297587447e-09
6.833333333333333925e+00 5.157052794339562283e-09
6.853413654618473849e+00 5.157299711680735586e-09
6.873493975903614661e+00 5.154888457297241463e-09
6.893574297188754585e+00 5.149922249633459551e-09
6.913654618473895397e+00 5.142503800519319650e-09
6.933734939759036209e+00 5.132734878586275274e-09
6.953815261044177021e+00 5.120716000002141199e-09
6.973895582329317833e+00 5.106545917378333283e-09
6.993975903614457756e+00 5.090321035211451782e-09
7.014056224899598568e+00 5.072135493046914194e-09
7.034136546184738492e+00 5.052080015971731206e-09
7.054216867469879304e+00 5.030243247874030014e-09
7.074297188755020116e+00 5.006712010297187415e-09
7.094377510040160928e+00 4.981571174970324643e-09
7.114457831325301740e+00 4.954902274814508287e-09
7.134538152610441664e+00 4.926781575209384544e-09
7.154618473895582476e+00 4.897282725836500775e-09
7.174698795180722399e+00 4.866477350039507298e-09
7.194779116465863211e+00 4.834435040858247383e-09
7.214859437751004023e+00 4.801223358125511297e-09
7.234939759036144835e+00 4.766907863314525136e-09
7.255020080321285647e+00 4.731552153465679274e-09
7.275100401606425571e+00 4.695217893333873864e-09
7.295180722891566383e+00 4.657964851988111032e-09
7.315261044176706307e+00 4.619850923051023729e-09
7.335341365461847118e+00 4.580932101789894424e-09
7.355421686746987930e+00 4.541262607627424253e-09
7.375502008032128742e+00 4.500894955206235568e-09
7.395582329317269554e+00 4.459879755388701634e-09
7.415662650602409478e+00 4.418264624269099724e-09
7.435742971887550290e+00 4.376129570010737023e-09
7.455823293172690214e+00 4.333543698092628472e-09
7.475903614457831026e+00 4.290488226711456944e-09
7.495983935742971838e+00 4.247005313535438380e-09
7.516064257028112650e+00 4.203135867259469186e-09
7.536144578313252573e+00 4.158919610249082349e-09
7.556224899598393385e+00 4.114395063593843021e-09
7.576305220883534197e+00 4.069599536555850823e-09
7.596385542168675009e+00 4.024569134790799264e-09
7.616465863453814933e+00 3.979338774175566097e-09
7.636546184738955745e+00 3.933942206188644027e-09
7.656626506024096557e+00 3.888412031168406638e-09
7.676706827309237369e+00 3.842779709433426766e-09
7.696787148594377292e+00 3.797075470436524474e-09
7.716867469879518104e+00 3.751328242262973969e-09
7.736947791164658916e+00 3.705565731046842001e-09
7.757028112449798840e+00 3.659814184826860272e-09
7.777108433734939652e+00 3.614098813452232530e-09
7.797188755020080464e+00 3.568443891352151919e-09
7.817269076305221276e+00 3.522872762210747045e-09
7.837349397590361200e+00 3.477407838069690271e-09
7.857429718875502012e+00 3.432070529215877242e-09
7.877510040160642824e+00 3.386881291205080092e-09
7.897590361445782747e+00 3.341859699388302609e-09
7.917670682730923559e+00 3.297024458544581781e-09
7.937751004016064371e+00 3.252393412300377151e-09
7.957831325301205183e+00 3.207983553830424244e-09
7.977911646586345107e+00 3.163811037830160639e-09
7.997991967871485919e+00 3.119891193725236214e-09
8.018072289156627619e+00 3.076238540063628209e-09
8.038152610441766655e+00 3.032866794379532219e-09
8.058232931726907466e+00 2.989788873438650194e-09
8.078313253012048278e+00 2.947016932064857666e-09
8.098393574297189090e+00 2.904562387789302163e-09
8.118473895582329902e+00 2.862435939210587214e-09
8.138554216867468938e+00 2.820647585029937807e-09
8.158634538152611526e+00 2.779206643651982433e-09
8.178714859437750562e+00 2.738121773247555625e-09
8.198795180722891374e+00 2.697400992177225271e-09
8.218875502008032186e+00 2.657051699678307563e-09
8.238955823293172998e+00 2.617080698440640923e-09
8.259036144578313809e+00 2.577494226300264707e-09
8.279116465863452845e+00 2.538297967854505318e-09
8.299196787148595433e+00 2.499497068845685874e-09
8.319277108433734469e+00 2.461096155153698063e-09
8.339357429718875281e+00 2.423099353660600778e-09
8.359437751004016093e+00 2.385510315775250858e-09
8.379518072289156905e+00 2.348332237757912833e-09
8.399598393574297717e+00 2.311567880477756130e-09
8.419678714859436752e+00 2.275219588766290268e-09
8.439759036144579341e+00 2.239289310335840763e-09
8.459839357429718376e+00 2.203778614237482729e-09
8.479919678714859188e+00 2.168688708837242270e-09
8.500000000000000000e+00 2.134020459294045209e-09
