# log10(T) rate(cm^3/s)
# Collisional Rates
3.500000000000000000e+00 0.000000000000000000e+00
3.520080321285140368e+00 0.000000000000000000e+00
3.540160642570281180e+00 0.000000000000000000e+00
3.560240963855421548e+00 0.000000000000000000e+00
3.580321285140562360e+00 0.000000000000000000e+00
3.600401606425702727e+00 0.000000000000000000e+00
3.620481927710843539e+00 0.000000000000000000e+00
3.640562248995983907e+00 0.000000000000000000e+00
3.660642570281124719e+00 0.000000000000000000e+00
3.680722891566265087e+00 0.000000000000000000e+00
3.700803212851405455e+00 0.000000000000000000e+00
3.720883534136546267e+00 0.000000000000000000e+00
3.740963855421686635e+00 1.248517419460332489e-311
3.761044176706827447e+00 4.997164834786435895e-298
3.781124497991967814e+00 4.863025258999856184e-285
3.801204819277108626e+00 1.226572197051945466e-272
3.821285140562248994e+00 8.522746450516871432e-261
3.841365461847389362e+00 1.729278005899710536e-249
3.861445783132530174e+00 1.083190168333366440e-238
3.881526104417670542e+00 2.208836894200684770e-228
3.901606425702811354e+00 1.542637601022900740e-218
3.921686746987951722e+00 3.872868479878059718e-209
3.941767068273092534e+00 3.660558264760629771e-200
3.961847389558232901e+00 1.361374649017702956e-191
3.981927710843373269e+00 2.077914234175973073e-183
4.002008032128514081e+00 1.355108420856774768e-175
4.022088353413654893e+00 3.923775295251396620e-168
4.042168674698794817e+00 5.233004299427039760e-161
4.062248995983935629e+00 3.329110806423940115e-154
4.082329317269076441e+00 1.044627725350826121e-147
4.102409638554217253e+00 1.669247031174281417e-141
4.122489959839357176e+00 1.400388100001739447e-135
4.142570281124497988e+00 6.350231678718095704e-130
4.162650602409638800e+00 1.600358958166720675e-124
4.182730923694778724e+00 2.301758422754295834e-119
4.202811244979919536e+00 1.937865171661193586e-114
4.222891566265060348e+00 9.784046861384424489e-110
4.242971887550201160e+00 3.031652867711607391e-105
4.263052208835341084e+00 5.893697595472444477e-101
4.283132530120481896e+00 7.341625117851621171e-97
4.303212851405622708e+00 5.978988998743160810e-93
4.323293172690762631e+00 3.245152066021549783e-89
4.343373493975903443e+00 1.195577756170098762e-85
4.363453815261044255e+00 3.042706088947454115e-82
4.383534136546185067e+00 5.439286927795697181e-79
4.403614457831324991e+00 6.939945935810051764e-76
4.423694779116465803e+00 6.416844644597957021e-73
4.443775100401606615e+00 4.362730654775072634e-70
4.463855421686746539e+00 2.211573111881067737e-67
4.483935742971887350e+00 8.470561008586510273e-65
4.504016064257028162e+00 2.482519436334006655e-62
4.524096385542168974e+00 5.635024779717266507e-60
4.544176706827309786e+00 1.002160889992523522e-57
4.564257028112449710e+00 1.411908888393060333e-55
4.584337349397590522e+00 1.592488435994588131e-53
4.604417670682730446e+00 1.452487810883672084e-51
4.624497991967871258e+00 1.081643747508834645e-49
4.644578313253012070e+00 6.637004754627743016e-48
4.664658634538152882e+00 3.385142153557232432e-46
4.684738955823293693e+00 1.447196942915706876e-44
4.704819277108433617e+00 5.227444040554248392e-43
4.724899598393574429e+00 1.607573032144157089e-41
4.744979919678714353e+00 4.239656243917536227e-40
4.765060240963855165e+00 9.655738757798702233e-39
4.785140562248995977e+00 1.911680570422232885e-37
4.805220883534136789e+00 3.311082441216821205e-36
4.825301204819277601e+00 5.047486228281732684e-35
4.845381526104417524e+00 6.811421427961835066e-34
4.865461847389558336e+00 8.181849801477470411e-33
4.885542168674698260e+00 8.794312525643079469e-32
4.905622489959839072e+00 8.501021677285470957e-31
4.925702811244979884e+00 7.425791296784665783e-30
4.945783132530120696e+00 5.888519237146937534e-29
4.965863453815261508e+00 4.257558359906754045e-28
4.985943775100401432e+00 2.818511362886268723e-27
5.006024096385542244e+00 1.715201445226436815e-26
5.026104417670682167e+00 9.631630436755136760e-26
5.046184738955822979e+00 5.009013370471291695e-25
5.066265060240963791e+00 2.420913194697127421e-24
5.086345381526104603e+00 1.090987107595483098e-23
5.106425702811245415e+00 4.598826006910964771e-23
5.126506024096385339e+00 1.818748591157659422e-22
5.146586345381526151e+00 6.767817657975268942e-22
5.166666666666666963e+00 2.376129631553528660e-21
5.186746987951806886e+00 7.891837487952839490e-21
5.206827309236947698e+00 2.485775603197304367e-20
5.226907630522088510e+00 7.443227999765383362e-20
5.246987951807229322e+00 2.123581598908221291e-19
5.267068273092369246e+00 5.785385968112739548e-19
5.287148594377510058e+00 1.508189553876736290e-18
5.307228915662650870e+00 3.769667446137573997e-18
5.327309236947790794e+00 9.051023491261703699e-18
5.347389558232931606e+00 2.091348417528052416e-17
5.367469879518072418e+00 4.658432489667442662e-17
5.387550200803213230e+00 1.001969172011759703e-16
5.407630522088353153e+00 2.084269015782875792e-16
5.427710843373493965e+00 4.199431728746038112e-16
5.447791164658634777e+00 8.207054118251089023e-16
5.467871485943774701e+00 1.557895628624294749e-15
5.487951807228915513e+00 2.876144933323942467e-15
5.508032128514056325e+00 5.170655146564232660e-15
5.528112449799197137e+00 9.062728983648420778e-15
5.548192771084337949e+00 1.550399130627605852e-14
5.568273092369477872e+00 2.591606624061881382e-14
5.588353413654618684e+00 4.237252727813329593e-14
5.608433734939758608e+00 6.782931965099062705e-14
5.628514056224899420e+00 1.064085890036009729e-13
5.648594377510040232e+00 1.637387551275791247e-13
5.668674698795181044e+00 2.473507815032399489e-13
5.688755020080321856e+00 3.671269949616628381e-13
5.708835341365461780e+00 5.357949514830460940e-13
5.728915662650602592e+00 7.694556825740007839e-13
5.748995983935742515e+00 1.088128013253492465e-12
5.769076305220883327e+00 1.516289162377735512e-12
5.789156626506024139e+00 2.083388634952217971e-12
5.809236947791164951e+00 2.824309216378427404e-12
5.829317269076305763e+00 3.779748203647556001e-12
5.849397590361445687e+00 4.996492368262168823e-12
5.869477911646586499e+00 6.527562049365082009e-12
5.889558232931726423e+00 8.432232172529213480e-12
5.909638554216867234e+00 1.077589178533292196e-11
5.929718875502008046e+00 1.362970353943331294e-11
5.949799196787148858e+00 1.707009669110575000e-11
5.969879518072289670e+00 2.117808499680204647e-11
5.989959839357429594e+00 2.603841723132742888e-11
6.010040160642570406e+00 3.173855731143852743e-11
6.030120481927710330e+00 3.836749594959858105e-11
6.050200803212851142e+00 4.601450974748535665e-11
6.070281124497991954e+00 5.476782916112851073e-11
6.090361445783132766e+00 6.471347056358546295e-11
6.110441767068273577e+00 7.593423932906697584e-11
6.130522088353413501e+00 8.850825029649978645e-11
6.150602409638554313e+00 1.025076655412325009e-10
6.170682730923694237e+00 1.179974946417457126e-10
6.190763052208835049e+00 1.350341683197260897e-10
6.210843373493975861e+00 1.536646020754286320e-10
6.230923694779116673e+00 1.739255118628386246e-10
6.251004016064257485e+00 1.958427366321372097e-10
6.271084337349397408e+00 2.194307187605051242e-10
6.291164658634538220e+00 2.446921377263874107e-10
6.311244979919678144e+00 2.716176505104473806e-10
6.331325301204818956e+00 3.001858780810452804e-10
6.351405622489959768e+00 3.303638403341350368e-10
6.371485943775100580e+00 3.621092856198770775e-10
6.391566265060241392e+00 3.953694306812230889e-10
6.411646586345381316e+00 4.300802447855705728e-10
6.431726907630522128e+00 4.661682474709745981e-10
6.451807228915662051e+00 5.035513877851844862e-10
6.471887550200802863e+00 5.421398062889077756e-10
6.491967871485943675e+00 5.818362714946753095e-10
6.512048192771084487e+00 6.225377366669317282e-10
6.532128514056225299e+00 6.641362094106326922e-10
6.552208835341365223e+00 7.065197249629796057e-10
6.572289156626506035e+00 7.495741903893170835e-10
6.592369477911645959e+00 7.931822771943736248e-10
6.612449799196786770e+00 8.372252528361899919e-10
6.632530120481927582e+00 8.815844584852496825e-10
6.652610441767068394e+00 9.261404943925687075e-10
6.672690763052209206e+00 9.707699354907112177e-10
6.692771084337350018e+00 1.015352459503111171e-09
6.712851405622489942e+00 1.059765656616661985e-09
6.732931726907629866e+00 1.103885044249410887e-09
6.753012048192770678e+00 1.147595305485082203e-09
6.773092369477911490e+00 1.190789022825607777e-09
6.793172690763052302e+00 1.233364285216420154e-09
6.813253012048193114e+00 1.275224650267185646e-09
6.833333333333333925e+00 1.316294656182432317e-09
6.853413654618473849e+00 1.356496931969627667e-09
6.873493975903614661e+00 1.395734622679328169e-09
6.893574297188754585e+00 1.433936442914013550e-09
6.913654618473895397e+00 1.471037802311482231e-09
6.933734939759036209e+00 1.506980692107483603e-09
6.953815261044177021e+00 1.541712362843643472e-09
6.973895582329317833e+00 1.575185775617473488e-09
6.993975903614457756e+00 1.607366436317698451e-09
7.014056224899598568e+00 1.638313623269776613e-09
7.034136546184738492e+00 1.667905892707753996e-09
7.054216867469879304e+00 1.696116129775082000e-09
7.074297188755020116e+00 1.722918928314263889e-09
7.094377510040160928e+00 1.748294006412656282e-09
7.114457831325301740e+00 1.772226192836926521e-09
7.134538152610441664e+00 1.794705228343177032e-09
7.154618473895582476e+00 1.815725601222138405e-09
7.174698795180722399e+00 1.835286270211034979e-09
7.194779116465863211e+00 1.853390326855085335e-09
7.214859437751004023e+00 1.870203764136091467e-09
7.234939759036144835e+00 1.885639465439762828e-09
7.255020080321285647e+00 1.899660295143776610e-09
7.275100401606425571e+00 1.912282051634575240e-09
7.295180722891566383e+00 1.923522872105192605e-09
7.315261044176706307e+00 1.933403536300837976e-09
7.335341365461847118e+00 1.941946902700021893e-09
7.355421686746987930e+00 1.949176624388329554e-09
7.375502008032128742e+00 1.955118128354202069e-09
7.395582329317269554e+00 1.959798782515797185e-09
7.415662650602409478e+00 1.963247665410998810e-09
7.435742971887550290e+00 1.965495082472773608e-09
7.455823293172690214e+00 1.966572540734808843e-09
7.475903614457831026e+00 1.966596443851544501e-09
7.495983935742971838e+00 1.965719085437915691e-09
7.516064257028112650e+00 1.963791161235360843e-09
7.536144578313252573e+00 1.960849888082069700e-09
7.556224899598393385e+00 1.956933010015737681e-09
7.576305220883534197e+00 1.952078290215825254e-09
7.596385542168675009e+00 1.946323653870503695e-09
7.616465863453814933e+00 1.939707153285886512e-09
7.636546184738955745e+00 1.932266825674175576e-09
7.656626506024096557e+00 1.924040551638677959e-09
7.676706827309237369e+00 1.915065649661452702e-09
7.696787148594377292e+00 1.905378501754820065e-09
7.716867469879518104e+00 1.895014708226139038e-09
7.736947791164658916e+00 1.884009431033683497e-09
7.757028112449798840e+00 1.872397292288930341e-09
7.777108433734939652e+00 1.860211076582943549e-09
7.797188755020080464e+00 1.847482101511218200e-09
7.817269076305221276e+00 1.834241190366592792e-09
7.837349397590361200e+00 1.820518081875476492e-09
7.857429718875502012e+00 1.806341456408534270e-09
7.877510040160642824e+00 1.791906299827079886e-09
7.897590361445782747e+00 1.777119716777411820e-09
7.917670682730923559e+00 1.761967979765830508e-09
7.937751004016064371e+00 1.746475695547908622e-09
7.957831325301205183e+00 1.730666735241590520e-09
7.977911646586345107e+00 1.714564239485105700e-09
7.997991967871485919e+00 1.698190629272059368e-09
8.018072289156627619e+00 1.681567625791439878e-09
8.038152610441766655e+00 1.664716247821271469e-09
8.058232931726907466e+00 1.647656631664232133e-09
8.078313253012048278e+00 1.630407813642870250e-09
8.098393574297189090e+00 1.612987883330823782e-09
8.118473895582329902e+00 1.595414241083709009e-09
8.138554216867468938e+00 1.577703775687076281e-09
8.158634538152611526e+00 1.559872870754463037e-09
8.178714859437750562e+00 1.541937516342885483e-09
8.198795180722891374e+00 1.523913504831419313e-09
8.218875502008032186e+00 1.505816044492546757e-09
8.238955823293172998e+00 1.487659491689238481e-09
8.259036144578313809e+00 1.469457642392997988e-09
8.279116465863452845e+00 1.451223831470037860e-09
8.299196787148595433e+00 1.432970927593673770e-09
8.319277108433734469e+00 1.414711327821286811e-09
8.339357429718875281e+00 1.396456958593050209e-09
8.359437751004016093e+00 1.378219277238671063e-09
8.379518072289156905e+00 1.360009271867206166e-09
8.399598393574297717e+00 1.341837387634230098e-09
8.419678714859436752e+00 1.323713525539253371e-09
8.439759036144579341e+00 1.305647149683726103e-09
8.459839357429718376e+00 1.287647296230112532e-09
8.479919678714859188e+00 1.269722577207121391e-09
8.500000000000000000e+00 1.251881185307874585e-09
