# log10(T) rate(cm^3/s)
# Collisional Rates
3.500000000000000000e+00 0.000000000000000000e+00
3.520080321285140368e+00 0.000000000000000000e+00
3.540160642570281180e+00 0.000000000000000000e+00
3.560240963855421548e+00 0.000000000000000000e+00
3.580321285140562360e+00 0.000000000000000000e+00
3.600401606425702727e+00 0.000000000000000000e+00
3.620481927710843539e+00 0.000000000000000000e+00
3.640562248995983907e+00 0.000000000000000000e+00
3.660642570281124719e+00 0.000000000000000000e+00
3.680722891566265087e+00 0.000000000000000000e+00
3.700803212851405455e+00 0.000000000000000000e+00
3.720883534136546267e+00 0.000000000000000000e+00
3.740963855421686635e+00 0.000000000000000000e+00
3.761044176706827447e+00 0.000000000000000000e+00
3.781124497991967814e+00 0.000000000000000000e+00
3.801204819277108626e+00 0.000000000000000000e+00
3.821285140562248994e+00 0.000000000000000000e+00
3.841365461847389362e+00 0.000000000000000000e+00
3.861445783132530174e+00 2.509853480873532444e-321
3.881526104417670542e+00 2.681735173748479102e-307
3.901606425702811354e+00 6.662421916629035530e-294
3.921686746987951722e+00 4.112022824160931509e-281
3.941767068273092534e+00 6.714491968719880529e-269
3.961847389558232901e+00 3.080331327414358959e-257
3.981927710843373269e+00 4.204571680434641403e-246
4.002008032128514081e+00 1.803739779322439346e-235
4.022088353413654893e+00 2.562516799139352649e-225
4.042168674698794817e+00 1.267321906154012780e-215
4.062248995983935629e+00 2.288449478071247663e-206
4.082329317269076441e+00 1.579068819242322674e-197
4.102409638554217253e+00 4.348545020480810753e-189
4.122489959839357176e+00 4.981899250349327455e-181
4.142570281124497988e+00 2.470383696758207240e-173
4.162650602409638800e+00 5.506621212985833648e-166
4.182730923694778724e+00 5.720679771797802414e-159
4.202811244979919536e+00 2.867035676926893439e-152
4.222891566265060348e+00 7.163842903744555379e-146
4.242971887550201160e+00 9.209682419732683513e-140
4.263052208835341084e+00 6.277257256348626329e-134
4.283132530120481896e+00 2.334391339500655705e-128
4.303212851405622708e+00 4.867938038089885790e-123
4.323293172690762631e+00 5.843002215048645597e-118
4.343373493975903443e+00 4.138907894043017164e-113
4.363453815261044255e+00 1.771917522043223065e-108
4.383534136546185067e+00 4.690195964485136509e-104
4.403614457831324991e+00 7.844467167820306303e-100
4.423694779116465803e+00 8.463886000135132368e-96
4.443775100401606615e+00 6.009134526644419527e-92
4.463855421686746539e+00 2.860902315283059842e-88
4.483935742971887350e+00 9.300048916283797194e-85
4.504016064257028162e+00 2.100130732080970208e-81
4.524096385542168974e+00 3.349159231067306156e-78
4.544176706827309786e+00 3.831599196733220278e-75
4.564257028112449710e+00 3.192252021110763591e-72
4.584337349397590522e+00 1.964764918702653751e-69
4.604417670682730446e+00 9.056547341248511341e-67
4.624497991967871258e+00 3.167577113444642585e-64
4.644578313253012070e+00 8.511805047168764785e-62
4.664658634538152882e+00 1.778356269308223943e-59
4.684738955823293693e+00 2.921847069424027425e-57
4.704819277108433617e+00 3.816397668368307954e-55
4.724899598393574429e+00 4.004146326555299996e-53
4.744979919678714353e+00 3.408205197118481253e-51
4.765060240963855165e+00 2.375779048632184851e-49
4.785140562248995977e+00 1.368580800210375581e-47
4.805220883534136789e+00 6.571452597428612457e-46
4.825301204819277601e+00 2.651869917869250894e-44
4.845381526104417524e+00 9.064729557873811241e-43
4.865461847389558336e+00 2.644399166090917612e-41
4.885542168674698260e+00 6.631002909190417423e-40
4.905622489959839072e+00 1.439068402333676419e-38
4.925702811244979884e+00 2.720629638062467437e-37
4.945783132530120696e+00 4.508694288991027543e-36
4.965863453815261508e+00 6.588867550303135240e-35
4.985943775100401432e+00 8.539212111476235584e-34
5.006024096385542244e+00 9.867990251434572447e-33
5.026104417670682167e+00 1.022101051062323141e-31
5.046184738955822979e+00 9.535902051644721260e-31
5.066265060240963791e+00 8.051634237854803447e-30
5.086345381526104603e+00 6.180439349291058424e-29
5.106425702811245415e+00 4.331495852045507420e-28
5.126506024096385339e+00 2.783077672487958202e-27
5.146586345381526151e+00 1.645835792711640624e-26
5.166666666666666963e+00 8.991853169173908976e-26
5.186746987951806886e+00 4.554781911312227924e-25
5.206827309236947698e+00 2.146473277774560239e-24
5.226907630522088510e+00 9.441469747816126498e-24
5.246987951807229322e+00 3.888324808868083764e-23
5.267068273092369246e+00 1.503784634790630582e-22
5.287148594377510058e+00 5.476988458938179430e-22
5.307228915662650870e+00 1.883684444473726029e-21
5.327309236947790794e+00 6.133499970129948638e-21
5.347389558232931606e+00 1.895462963390012737e-20
5.367469879518072418e+00 5.572539544825417297e-20
5.387550200803213230e+00 1.562067148951193418e-19
5.407630522088353153e+00 4.183967820149436535e-19
5.427710843373493965e+00 1.073025703480560357e-18
5.447791164658634777e+00 2.640071402058804796e-18
5.467871485943774701e+00 6.243339494266107222e-18
5.487951807228915513e+00 1.421638073649124143e-17
5.508032128514056325e+00 3.122279702771552772e-17
5.528112449799197137e+00 6.624779427302087613e-17
5.548192771084337949e+00 1.360072143872868773e-16
5.568273092369477872e+00 2.705744124490628283e-16
5.588353413654618684e+00 5.223478656327898904e-16
5.608433734939758608e+00 9.798674862850939999e-16
5.628514056224899420e+00 1.788416408386097315e-15
5.648594377510040232e+00 3.179783318973174040e-15
5.668674698795181044e+00 5.513957293444512886e-15
5.688755020080321856e+00 9.335817814247724008e-15
5.708835341365461780e+00 1.544999752842848677e-14
5.728915662650602592e+00 2.501695467781476647e-14
5.748995983935742515e+00 3.967281906180496759e-14
5.769076305220883327e+00 6.167476256809557291e-14
5.789156626506024139e+00 9.407243772508600070e-14
5.809236947791164951e+00 1.409044773171868648e-13
5.829317269076305763e+00 2.074172082880748234e-13
5.849397590361445687e+00 3.003009274752101715e-13
5.869477911646586499e+00 4.279370783384749210e-13
5.889558232931726423e+00 6.006469184415980565e-13
5.909638554216867234e+00 8.309316909233615237e-13
5.929718875502008046e+00 1.133692669001711822e-12
5.949799196787148858e+00 1.526418748632084957e-12
5.969879518072289670e+00 2.029329350363378490e-12
5.989959839357429594e+00 2.665461026004203342e-12
6.010040160642570406e+00 3.460688273631445512e-12
6.030120481927710330e+00 4.443680833180850161e-12
6.050200803212851142e+00 5.645775481764884608e-12
6.070281124497991954e+00 7.100764690388371727e-12
6.090361445783132766e+00 8.844606664743476900e-12
6.110441767068273577e+00 1.091505817138962067e-11
6.130522088353413501e+00 1.335123601520893743e-11
6.150602409638554313e+00 1.619310097255057148e-11
6.170682730923694237e+00 1.948089024516146714e-11
6.190763052208835049e+00 2.325453182725097666e-11
6.210843373493975861e+00 2.755303240013455938e-11
6.230923694779116673e+00 3.241395841806704471e-11
6.251004016064257485e+00 3.787287647643071354e-11
6.271084337349397408e+00 4.396273490465499244e-11
6.291164658634538220e+00 5.071332846379636355e-11
6.311244979919678144e+00 5.815075162580960718e-11
6.331325301204818956e+00 6.629679765822608930e-11
6.351405622489959768e+00 7.516866193983686684e-11
6.371485943775100580e+00 8.477866494057657448e-11
6.391566265060241392e+00 9.513400307385232901e-11
6.411646586345381316e+00 1.062365993549405975e-10
6.431726907630522128e+00 1.180830136682352683e-10
6.451807228915662051e+00 1.306644170741256982e-10
6.471887550200802863e+00 1.439667593294691575e-10
6.491967871485943675e+00 1.579709157400700056e-10
6.512048192771084487e+00 1.726535082892957712e-10
6.532128514056225299e+00 1.879860450003467436e-10
6.552208835341365223e+00 2.039353493315342925e-10
6.572289156626506035e+00 2.204646402261767158e-10
6.592369477911645959e+00 2.375333664252356625e-10
6.612449799196786770e+00 2.550970115521446000e-10
6.632530120481927582e+00 2.731087485795722924e-10
6.652610441767068394e+00 2.915194655765155608e-10
6.672690763052209206e+00 3.102782318121751492e-10
6.692771084337350018e+00 3.293344779500636251e-10
6.712851405622489942e+00 3.486379488028414196e-10
6.732931726907629866e+00 3.681309507804873448e-10
6.753012048192770678e+00 3.877596937725370203e-10
6.773092369477911490e+00 4.074706450021886878e-10
6.793172690763052302e+00 4.272097415150065685e-10
6.813253012048193114e+00 4.469216438196091616e-10
6.833333333333333925e+00 4.665573962386756359e-10
6.853413654618473849e+00 4.860802381558472236e-10
6.873493975903614661e+00 5.054176350232775954e-10
6.893574297188754585e+00 5.245202670468595693e-10
6.913654618473895397e+00 5.433417440004582385e-10
6.933734939759036209e+00 5.618381694339967146e-10
6.953815261044177021e+00 5.799682355180662264e-10
6.973895582329317833e+00 5.976934402655549117e-10
6.993975903614457756e+00 6.149782224198652984e-10
7.014056224899598568e+00 6.318639867544452157e-10
7.034136546184738492e+00 6.482660613180596780e-10
7.054216867469879304e+00 6.641444694925182856e-10
7.074297188755020116e+00 6.794753549330819184e-10
7.094377510040160928e+00 6.942372971415908919e-10
7.114457831325301740e+00 7.084117112189767820e-10
7.134538152610441664e+00 7.219829099043011587e-10
7.154618473895582476e+00 7.349378675617062365e-10
7.174698795180722399e+00 7.472658548400936703e-10
7.194779116465863211e+00 7.589564535133033844e-10
7.214859437751004023e+00 7.701001029735547482e-10
7.234939759036144835e+00 7.806817076027817852e-10
7.255020080321285647e+00 7.906133441229812735e-10
7.275100401606425571e+00 7.998919472869261903e-10
7.295180722891566383e+00 8.085165131947625835e-10
7.315261044176706307e+00 8.164879761742330437e-10
7.335341365461847118e+00 8.238090945201319223e-10
7.355421686746987930e+00 8.304843295429027494e-10
7.375502008032128742e+00 8.365195742106524482e-10
7.395582329317269554e+00 8.419220802102377604e-10
7.415662650602409478e+00 8.467003888322826355e-10
7.435742971887550290e+00 8.508639885367009388e-10
7.455823293172690214e+00 8.544233177644972825e-10
7.475903614457831026e+00 8.574112836701991930e-10
7.495983935742971838e+00 8.600500904537987601e-10
7.516064257028112650e+00 8.621284572507538387e-10
7.536144578313252573e+00 8.636594454829681182e-10
7.556224899598393385e+00 8.646568579646711921e-10
7.576305220883534197e+00 8.651349464698025420e-10
7.596385542168675009e+00 8.651081848491584497e-10
7.616465863453814933e+00 8.645920098637097613e-10
7.636546184738955745e+00 8.636026469352936723e-10
7.656626506024096557e+00 8.621567981088759663e-10
7.676706827309237369e+00 8.602715556885753002e-10
7.696787148594377292e+00 8.579642027938838902e-10
7.716867469879518104e+00 8.552518379809266185e-10
7.736947791164658916e+00 8.521514756930572609e-10
7.757028112449798840e+00 8.486802058233887058e-10
7.777108433734939652e+00 8.448551331673234053e-10
7.797188755020080464e+00 8.406932804764442977e-10
7.817269076305221276e+00 8.362113585746015511e-10
7.837349397590361200e+00 8.314257597192568905e-10
7.857429718875502012e+00 8.263522078808135906e-10
7.877510040160642824e+00 8.211204034971524122e-10
7.897590361445782747e+00 8.157136052987866330e-10
7.917670682730923559e+00 8.100674075119579879e-10
7.937751004016064371e+00 8.041950609569001011e-10
7.957831325301205183e+00 7.981095740052935136e-10
7.977911646586345107e+00 7.918236516475395563e-10
7.997991967871485919e+00 7.853496805013887076e-10
8.018072289156627619e+00 7.786997231607909201e-10
8.038152610441766655e+00 7.718855275140983528e-10
8.058232931726907466e+00 7.649185026072734137e-10
8.078313253012048278e+00 7.578097065919333058e-10
8.098393574297189090e+00 7.505697352509254276e-10
8.118473895582329902e+00 7.432085972225177848e-10
8.138554216867468938e+00 7.357359823298051345e-10
8.158634538152611526e+00 7.281613043771900933e-10
8.178714859437750562e+00 7.204936959254026026e-10
8.198795180722891374e+00 7.127419082758683551e-10
8.218875502008032186e+00 7.049143320893547818e-10
8.238955823293172998e+00 6.970189077157707672e-10
8.259036144578313809e+00 6.890630203083689079e-10
8.279116465863452845e+00 6.810538696582720574e-10
8.299196787148595433e+00 6.729985134966460288e-10
8.319277108433734469e+00 6.649039045633709283e-10
8.339357429718875281e+00 6.567768765191287931e-10
8.359437751004016093e+00 6.486240655152861583e-10
8.379518072289156905e+00 6.404519012919242661e-10
8.399598393574297717e+00 6.322666034496484679e-10
8.419678714859436752e+00 6.240741837863918592e-10
8.439759036144579341e+00 6.158804472802360249e-10
8.459839357429718376e+00 6.076909789046586201e-10
8.479919678714859188e+00 5.995111411518089284e-10
8.500000000000000000e+00 5.913460737157365656e-10
