# log10(T) rate(cm^3/s)
# Collisional Rates
3.500000000000000000e+00 5.073634260869747577e-113
3.520080321285140368e+00 2.288300662953559262e-108
3.540160642570281180e+00 6.365860534680856335e-104
3.560240963855421548e+00 1.116433177941806096e-99
3.580321285140562360e+00 1.260355261171736257e-95
3.600401606425702727e+00 9.342902790756494521e-92
3.620481927710843539e+00 4.635031373834270243e-88
3.640562248995983907e+00 1.567061247423975184e-84
3.660642570281124719e+00 3.673720114513354762e-81
3.680722891566265087e+00 6.071518461832038044e-78
3.700803212851405455e+00 7.186533398089162943e-75
3.720883534136546267e+00 6.184750646372273666e-72
3.740963855421686635e+00 3.926081723208137015e-69
3.761044176706827447e+00 1.863811775421732397e-66
3.781124497991967814e+00 6.704273074928349451e-64
3.801204819277108626e+00 1.850341905414083502e-61
3.821285140562248994e+00 3.965524511497598760e-59
3.841365461847389362e+00 6.675141789839948611e-57
3.861445783132530174e+00 8.922162339475580830e-55
3.881526104417670542e+00 9.568722164038783173e-53
3.901606425702811354e+00 8.316334149955882520e-51
3.921686746987951722e+00 5.913285098533079205e-49
3.941767068273092534e+00 3.471226386884415970e-47
3.961847389558232901e+00 1.696893704787919647e-45
3.981927710843373269e+00 6.965211703276529000e-44
4.002008032128514081e+00 2.419636472651381541e-42
4.022088353413654893e+00 7.167624449416173610e-41
4.042168674698794817e+00 1.823622510498224410e-39
4.062248995983935629e+00 4.012483309674060264e-38
4.082329317269076441e+00 7.685272364355494442e-37
4.102409638554217253e+00 1.289416953286009834e-35
4.122489959839357176e+00 1.906395362653063324e-34
4.142570281124497988e+00 2.498032261100359503e-33
4.162650602409638800e+00 2.916865950342670841e-32
4.182730923694778724e+00 3.050907934306219146e-31
4.202811244979919536e+00 2.872728470057832436e-30
4.222891566265060348e+00 2.446661863515464758e-29
4.242971887550201160e+00 1.893368288047519889e-28
4.263052208835341084e+00 1.337078547684212108e-27
4.283132530120481896e+00 8.652335901330968893e-27
4.303212851405622708e+00 5.150830850015287474e-26
4.323293172690762631e+00 2.831548859160651527e-25
4.343373493975903443e+00 1.442564110998312719e-24
4.363453815261044255e+00 6.834414336181555063e-24
4.383534136546185067e+00 3.020967182427063308e-23
4.403614457831324991e+00 1.249764721990353850e-22
4.423694779116465803e+00 4.853394874303661747e-22
4.443775100401606615e+00 1.774340537573602976e-21
4.463855421686746539e+00 6.123294321143616971e-21
4.483935742971887350e+00 1.999951339580205613e-20
4.504016064257028162e+00 6.197522179729970605e-20
4.524096385542168974e+00 1.826461683543458587e-19
4.544176706827309786e+00 5.130736694839137847e-19
4.564257028112449710e+00 1.376778169974546551e-18
4.584337349397590522e+00 3.536382466694991296e-18
4.604417670682730446e+00 8.712060575372553420e-18
4.624497991967871258e+00 2.062365415580114429e-17
4.644578313253012070e+00 4.699732349968835871e-17
4.664658634538152882e+00 1.032732444254244278e-16
4.684738955823293693e+00 2.191898382153079312e-16
4.704819277108433617e+00 4.500382729580087244e-16
4.724899598393574429e+00 8.952054956746498487e-16
4.744979919678714353e+00 1.727661905710005389e-15
4.765060240963855165e+00 3.239275935566357159e-15
4.785140562248995977e+00 5.908183918161114522e-15
4.805220883534136789e+00 1.049578968574066087e-14
4.825301204819277601e+00 1.818214393675030341e-14
4.845381526104417524e+00 3.074924505601195014e-14
4.865461847389558336e+00 5.082196828808738038e-14
4.885542168674698260e+00 8.217564100796910334e-14
4.905622489959839072e+00 1.301175859646714996e-13
4.925702811244979884e+00 2.019470552133608428e-13
4.945783132530120696e+00 3.074939540571124369e-13
4.965863453815261508e+00 4.597316992621915198e-13
4.985943775100401432e+00 6.754537218495599981e-13
5.006024096385542244e+00 9.759965822830681358e-13
5.026104417670682167e+00 1.387986152656315877e-12
5.046184738955822979e+00 1.944079463374083152e-12
5.066265060240963791e+00 2.683668558727245374e-12
5.086345381526104603e+00 3.653510537478474883e-12
5.106425702811245415e+00 4.908246919815139079e-12
5.126506024096385339e+00 6.510776710418067957e-12
5.146586345381526151e+00 8.532450843839467117e-12
5.166666666666666963e+00 1.105305719667197346e-11
5.186746987951806886e+00 1.416055763294035130e-11
5.206827309236947698e+00 1.795059829244731402e-11
5.226907630522088510e+00 2.252578298003271050e-11
5.246987951807229322e+00 2.799470587040647382e-11
5.267068273092369246e+00 3.447076575225097424e-11
5.287148594377510058e+00 4.207078739486856449e-11
5.307228915662650870e+00 5.091346539994072625e-11
5.327309236947790794e+00 6.111767895587603010e-11
5.347389558232931606e+00 7.280076378307609616e-11
5.367469879518072418e+00 8.607673699434707203e-11
5.387550200803213230e+00 1.010543600999005275e-10
5.407630522088353153e+00 1.178352750616450889e-10
5.427710843373493965e+00 1.365124797264583370e-10
5.447791164658634777e+00 1.571688252259376106e-10
5.467871485943774701e+00 1.798756738770582658e-10
5.487951807228915513e+00 2.046914596791157112e-10
5.508032128514056325e+00 2.316608489731533849e-10
5.528112449799197137e+00 2.608142586530053958e-10
5.548192771084337949e+00 2.921674219578070249e-10
5.568273092369477872e+00 3.257221756304903068e-10
5.588353413654618684e+00 3.614647361473371056e-10
5.608433734939758608e+00 3.993663192528038573e-10
5.628514056224899420e+00 4.393849382414230335e-10
5.648594377510040232e+00 4.814652505800134916e-10
5.668674698795181044e+00 5.255403403692138155e-10
5.688755020080321856e+00 5.715408040703671143e-10
5.708835341365461780e+00 6.193607318512417548e-10
5.728915662650602592e+00 6.688964573511265396e-10
5.748995983935742515e+00 7.200355036550756284e-10
5.769076305220883327e+00 7.726574614885535480e-10
5.789156626506024139e+00 8.266352770351927953e-10
5.809236947791164951e+00 8.819498593798363660e-10
5.829317269076305763e+00 9.383662519903443926e-10
5.849397590361445687e+00 9.957447996689732752e-10
5.869477911646586499e+00 1.053944416131643982e-09
5.889558232931726423e+00 1.112823021721089369e-09
5.909638554216867234e+00 1.172238413483786569e-09
5.929718875502008046e+00 1.232049086851694526e-09
5.949799196787148858e+00 1.292607709880468555e-09
5.969879518072289670e+00 1.353366741719125544e-09
5.989959839357429594e+00 1.414143609995942050e-09
6.010040160642570406e+00 1.474797982146012992e-09
6.030120481927710330e+00 1.535192489995259094e-09
6.050200803212851142e+00 1.595191495659528360e-09
6.070281124497991954e+00 1.654661706810973809e-09
6.090361445783132766e+00 1.713474161360876718e-09
6.110441767068273577e+00 1.772444024408000663e-09
6.130522088353413501e+00 1.831375330847785493e-09
6.150602409638554313e+00 1.889406402209311407e-09
6.170682730923694237e+00 1.946424390729011126e-09
6.190763052208835049e+00 2.002321115838801541e-09
6.210843373493975861e+00 2.056994665939395051e-09
6.230923694779116673e+00 2.110349419629990281e-09
6.251004016064257485e+00 2.162294573969428285e-09
6.271084337349397408e+00 2.212745782454583664e-09
6.291164658634538220e+00 2.261626046172821171e-09
6.311244979919678144e+00 2.309774108201676141e-09
6.331325301204818956e+00 2.359118880445779204e-09
6.351405622489959768e+00 2.406867880552864825e-09
6.371485943775100580e+00 2.452951532602650059e-09
6.391566265060241392e+00 2.497307599493461469e-09
6.411646586345381316e+00 2.539881204586764568e-09
6.431726907630522128e+00 2.580624698316613396e-09
6.451807228915662051e+00 2.619497100435477720e-09
6.471887550200802863e+00 2.656463609678215470e-09
6.491967871485943675e+00 2.691493574205199455e-09
6.512048192771084487e+00 2.724562578296063632e-09
6.532128514056225299e+00 2.755652748272894588e-09
6.552208835341365223e+00 2.784747006760756630e-09
6.572289156626506035e+00 2.811831601000974042e-09
6.592369477911645959e+00 2.841025765429713002e-09
6.612449799196786770e+00 2.869432891579436381e-09
6.632530120481927582e+00 2.895984946876936675e-09
6.652610441767068394e+00 2.920678187671775563e-09
6.672690763052209206e+00 2.943513407914504788e-09
6.692771084337350018e+00 2.964492136594363400e-09
6.712851405622489942e+00 2.983618838757000123e-09
6.732931726907629866e+00 3.000903763627971615e-09
6.753012048192770678e+00 3.016362500118552854e-09
6.773092369477911490e+00 3.030014735458813577e-09
6.793172690763052302e+00 3.041883846507838494e-09
6.813253012048193114e+00 3.051993137951824963e-09
6.833333333333333925e+00 3.060361325201787376e-09
6.853413654618473849e+00 3.067010913702334132e-09
6.873493975903614661e+00 3.071968217666839498e-09
6.893574297188754585e+00 3.075263228528603788e-09
6.913654618473895397e+00 3.076929954267755267e-09
6.933734939759036209e+00 3.077005948915624386e-09
6.953815261044177021e+00 3.075528940265387107e-09
6.973895582329317833e+00 3.073732024337157549e-09
6.993975903614457756e+00 3.073349425688034527e-09
7.014056224899598568e+00 3.071610946430186465e-09
7.034136546184738492e+00 3.068550271433773538e-09
7.054216867469879304e+00 3.064203008271315143e-09
7.074297188755020116e+00 3.058605359113569327e-09
7.094377510040160928e+00 3.051794218657888750e-09
7.114457831325301740e+00 3.043807443582139379e-09
7.134538152610441664e+00 3.034683144232354842e-09
7.154618473895582476e+00 3.024458688001273015e-09
7.174698795180722399e+00 3.013171849601408151e-09
7.194779116465863211e+00 3.000860256464333762e-09
7.214859437751004023e+00 2.987555804222957903e-09
7.234939759036144835e+00 2.973288103825677650e-09
7.255020080321285647e+00 2.958088268170820371e-09
7.275100401606425571e+00 2.941988727421979559e-09
7.295180722891566383e+00 2.925023003722869885e-09
7.315261044176706307e+00 2.907225497803961114e-09
7.335341365461847118e+00 2.888630824477776515e-09
7.355421686746987930e+00 2.869269541160906606e-09
7.375502008032128742e+00 2.849170669036957331e-09
7.395582329317269554e+00 2.828364634657508360e-09
7.415662650602409478e+00 2.806883085729100278e-09
7.435742971887550290e+00 2.784758585864646943e-09
7.455823293172690214e+00 2.762024364232946988e-09
7.475903614457831026e+00 2.738714070342800273e-09
7.495983935742971838e+00 2.714861563465298012e-09
7.516064257028112650e+00 2.690500714415359646e-09
7.536144578313252573e+00 2.665664480615413873e-09
7.556224899598393385e+00 2.640385183915225185e-09
7.576305220883534197e+00 2.614695045338484612e-09
7.596385542168675009e+00 2.588626052772283380e-09
7.616465863453814933e+00 2.562209824598052604e-09
7.636546184738955745e+00 2.535477489983875977e-09
7.656626506024096557e+00 2.508459587655988803e-09
7.676706827309237369e+00 2.481185977091276525e-09
7.696787148594377292e+00 2.454042587035116776e-09
7.716867469879518104e+00 2.427441665348634210e-09
7.736947791164658916e+00 2.400686097315094472e-09
7.757028112449798840e+00 2.373799975020686344e-09
7.777108433734939652e+00 2.346806415175718329e-09
7.797188755020080464e+00 2.319727571886121043e-09
7.817269076305221276e+00 2.292584626344775835e-09
7.837349397590361200e+00 2.265397765885725484e-09
7.857429718875502012e+00 2.238186200352354260e-09
7.877510040160642824e+00 2.210968184245395746e-09
7.897590361445782747e+00 2.183761035890989401e-09
7.917670682730923559e+00 2.156580981788811403e-09
7.937751004016064371e+00 2.129441766161752779e-09
7.957831325301205183e+00 2.102355737463678760e-09
7.977911646586345107e+00 2.075334847260966353e-09
7.997991967871485919e+00 2.048390658286484855e-09
8.018072289156627619e+00 2.021534341905439126e-09
8.038152610441766655e+00 1.994776675139598088e-09
8.058232931726907466e+00 1.968127904089561570e-09
8.078313253012048278e+00 1.941596770223614506e-09
8.098393574297189090e+00 1.915191285550169113e-09
8.118473895582329902e+00 1.888919371655420030e-09
8.138554216867468938e+00 1.862788829476844136e-09
8.158634538152611526e+00 1.836807306158448951e-09
8.178714859437750562e+00 1.810982264807382665e-09
8.198795180722891374e+00 1.785320950156330194e-09
8.218875502008032186e+00 1.759830362915801591e-09
8.238955823293172998e+00 1.734517232674366933e-09
8.259036144578313809e+00 1.709387805191182193e-09
8.279116465863452845e+00 1.684447950930142758e-09
8.299196787148595433e+00 1.659703313269859052e-09
8.319277108433734469e+00 1.635159293423943238e-09
8.339357429718875281e+00 1.610821035708325290e-09
8.359437751004016093e+00 1.586693415956477049e-09
8.379518072289156905e+00 1.562781032824995182e-09
8.399598393574297717e+00 1.539088201729287609e-09
8.419678714859436752e+00 1.515618951151635653e-09
8.439759036144579341e+00 1.492377021070613799e-09
8.459839357429718376e+00 1.469365863270885790e-09
8.479919678714859188e+00 1.446588643304407262e-09
8.500000000000000000e+00 1.424048244294756975e-09
