# log10(T) rate(cm^3/s)
# Collisional Rates
3.500000000000000000e+00 5.633736283302639095e-97
3.520080321285140368e+00 4.780650163524107673e-93
3.540160642570281180e+00 2.698456413885232008e-89
3.560240963855421548e+00 1.032005782238744520e-85
3.580321285140562360e+00 2.721610237480344979e-82
3.600401606425702727e+00 5.033156626960341057e-79
3.620481927710843539e+00 6.632690856171843670e-76
3.640562248995983907e+00 6.324457350463577543e-73
3.660642570281124719e+00 4.427819793944494069e-70
3.680722891566265087e+00 2.308085218674045205e-67
3.700803212851405455e+00 9.078145429327046251e-65
3.720883534136546267e+00 2.728678985367257988e-62
3.740963855421686635e+00 6.344460081001041302e-60
3.761044176706827447e+00 1.154415801647223430e-57
3.781124497991967814e+00 1.662133943284912284e-55
3.801204819277108626e+00 1.913812328144697956e-53
3.821285140562248994e+00 1.780115178273995204e-51
3.841365461847389362e+00 1.350516692294173902e-49
3.861445783132530174e+00 8.434383656624267257e-48
3.881526104417670542e+00 4.374476189753855380e-46
3.901606425702811354e+00 1.900042538043160959e-44
3.921686746987951722e+00 6.966997988182158385e-43
3.941767068273092534e+00 2.173183475215047690e-41
3.961847389558232901e+00 5.808828193584742268e-40
3.981927710843373269e+00 1.339836456759948900e-38
4.002008032128514081e+00 2.684596092572682955e-37
4.022088353413654893e+00 4.702535450673544660e-36
4.042168674698794817e+00 7.245167033586934685e-35
4.062248995983935629e+00 9.875201906289554414e-34
4.082329317269076441e+00 1.197371961146206724e-32
4.102409638554217253e+00 1.298354562327137542e-31
4.122489959839357176e+00 1.265407822531698369e-30
4.142570281124497988e+00 1.113867418740114585e-29
4.162650602409638800e+00 8.896116818437300390e-29
4.182730923694778724e+00 6.474993571413930406e-28
4.202811244979919536e+00 4.312923523669286442e-27
4.222891566265060348e+00 2.639593491284827020e-26
4.242971887550201160e+00 1.490033114425083647e-25
4.263052208835341084e+00 7.786351531874876846e-25
4.283132530120481896e+00 3.779769061043336694e-24
4.303212851405622708e+00 1.710153967661049861e-23
4.323293172690762631e+00 7.234758053010359741e-23
4.343373493975903443e+00 2.870446329876863873e-22
4.363453815261044255e+00 1.071197759134359321e-21
4.383534136546185067e+00 3.770387444780969308e-21
4.403614457831324991e+00 1.255004781733928818e-20
4.423694779116465803e+00 3.960435652694998191e-20
4.443775100401606615e+00 1.187747988163494188e-19
4.463855421686746539e+00 3.393029980743999445e-19
4.483935742971887350e+00 9.253079182100334681e-19
4.504016064257028162e+00 2.413959998024263485e-18
4.524096385542168974e+00 6.036537753123472285e-18
4.544176706827309786e+00 1.449737516305451024e-17
4.564257028112449710e+00 3.349858383868195385e-17
4.584337349397590522e+00 7.460282947469438267e-17
4.604417670682730446e+00 1.603976055654340403e-16
4.624497991967871258e+00 3.334597831377874241e-16
4.644578313253012070e+00 6.713517390030385103e-16
4.664658634538152882e+00 1.310829253172916476e-15
4.684738955823293693e+00 2.485600436225831787e-15
4.704819277108433617e+00 4.583300847144096323e-15
4.724899598393574429e+00 8.228752652333676730e-15
4.744979919678714353e+00 1.440191418368954012e-14
4.765060240963855165e+00 2.460001239718695822e-14
4.785140562248995977e+00 4.105396251216730439e-14
4.805220883534136789e+00 6.700908376058313617e-14
4.825301204819277601e+00 1.070791048904647448e-13
4.845381526104417524e+00 1.676803594688352484e-13
4.865461847389558336e+00 2.575498280829157221e-13
4.885542168674698260e+00 3.883463342539684520e-13
4.905622489959839072e+00 5.753289115999503608e-13
4.925702811244979884e+00 8.381004239898717910e-13
4.945783132530120696e+00 1.201398335570983469e-12
4.965863453815261508e+00 1.695908564816277138e-12
4.985943775100401432e+00 2.359073108840813224e-12
5.006024096385542244e+00 3.235858066237040448e-12
5.026104417670682167e+00 4.379446204790659847e-12
5.046184738955822979e+00 5.851817647259280279e-12
5.066265060240963791e+00 7.724183723950071160e-12
5.086345381526104603e+00 1.007724243081174773e-11
5.106425702811245415e+00 1.300122926438188305e-11
5.126506024096385339e+00 1.659574353655516440e-11
5.146586345381526151e+00 2.096933921071183336e-11
5.166666666666666963e+00 2.623887845797254293e-11
5.186746987951806886e+00 3.252865319235119756e-11
5.206827309236947698e+00 3.996928963965309562e-11
5.226907630522088510e+00 4.869645484579306699e-11
5.246987951807229322e+00 5.884938536063060662e-11
5.267068273092369246e+00 7.056930233588226408e-11
5.287148594377510058e+00 8.399773247527838949e-11
5.307228915662650870e+00 9.927477409177437041e-11
5.327309236947790794e+00 1.165373517040691973e-10
5.347389558232931606e+00 1.359174713410799137e-10
5.367469879518072418e+00 1.575403905944932443e-10
5.387550200803213230e+00 1.815230843953578823e-10
5.407630522088353153e+00 2.079728535888073929e-10
5.427710843373493965e+00 2.369860377366161556e-10
5.447791164658634777e+00 2.686469020094287533e-10
5.467871485943774701e+00 3.030267117038894012e-10
5.487951807228915513e+00 3.401828451251532177e-10
5.508032128514056325e+00 3.801570280662615864e-10
5.528112449799197137e+00 4.229752351432056873e-10
5.548192771084337949e+00 4.686480156253197757e-10
5.568273092369477872e+00 5.171705374307170574e-10
5.588353413654618684e+00 5.685228149135046651e-10
5.608433734939758608e+00 6.226701075824991630e-10
5.628514056224899420e+00 6.795634713492945628e-10
5.648594377510040232e+00 7.391403377712430668e-10
5.668674698795181044e+00 8.013212985528834806e-10
5.688755020080321856e+00 8.660088124105880051e-10
5.708835341365461780e+00 9.330923313248033381e-10
5.728915662650602592e+00 1.002449792561592740e-09
5.748995983935742515e+00 1.073948883641910359e-09
5.769076305220883327e+00 1.147448380157311165e-09
5.789156626506024139e+00 1.222799500878256329e-09
5.809236947791164951e+00 1.299847221913558515e-09
5.829317269076305763e+00 1.378431600485217384e-09
5.849397590361445687e+00 1.458389060117800359e-09
5.869477911646586499e+00 1.539547307941246442e-09
5.889558232931726423e+00 1.621713246650128601e-09
5.909638554216867234e+00 1.704688051663544411e-09
5.929718875502008046e+00 1.788271766918584605e-09
5.949799196787148858e+00 1.872264818821482561e-09
5.969879518072289670e+00 1.956469484792907112e-09
5.989959839357429594e+00 2.040691267213247524e-09
6.010040160642570406e+00 2.124740158731356129e-09
6.030120481927710330e+00 2.208432162788851118e-09
6.050200803212851142e+00 2.291590939942756200e-09
6.070281124497991954e+00 2.374047778284449869e-09
6.090361445783132766e+00 2.455642138500400577e-09
6.110441767068273577e+00 2.536222246364352662e-09
6.130522088353413501e+00 2.615643288831459992e-09
6.150602409638554313e+00 2.693741837758039211e-09
6.170682730923694237e+00 2.770344454014101484e-09
6.190763052208835049e+00 2.845286942683491182e-09
6.210843373493975861e+00 2.918418040494149731e-09
6.230923694779116673e+00 2.989598442920149161e-09
6.251004016064257485e+00 3.058699806651943433e-09
6.271084337349397408e+00 3.125605155754277825e-09
6.291164658634538220e+00 3.190209177343827468e-09
6.311244979919678144e+00 3.252418396986407869e-09
6.331325301204818956e+00 3.312151237995029717e-09
6.351405622489959768e+00 3.369337970434750127e-09
6.371485943775100580e+00 3.423920557053626823e-09
6.391566265060241392e+00 3.475852553940223700e-09
6.411646586345381316e+00 3.525102896879649582e-09
6.431726907630522128e+00 3.571655500232376812e-09
6.451807228915662051e+00 3.615503758487290119e-09
6.471887550200802863e+00 3.656649745720718109e-09
6.491967871485943675e+00 3.695103664584873908e-09
6.512048192771084487e+00 3.730883245036836549e-09
6.532128514056225299e+00 3.764001694353751531e-09
6.552208835341365223e+00 3.794449881144011203e-09
6.572289156626506035e+00 3.822221024964289762e-09
6.592369477911645959e+00 3.847315169430844832e-09
6.612449799196786770e+00 3.869739069175496259e-09
6.632530120481927582e+00 3.889506044900378713e-09
6.652610441767068394e+00 3.906635806845583350e-09
6.672690763052209206e+00 3.921156363959249596e-09
6.692771084337350018e+00 3.933109676432270858e-09
6.712851405622489942e+00 3.942544088942292149e-09
6.732931726907629866e+00 3.949511811097393574e-09
6.753012048192770678e+00 3.954068676592184713e-09
6.773092369477911490e+00 3.956273889501034508e-09
6.793172690763052302e+00 3.956189758379384363e-09
6.813253012048193114e+00 3.953881419295125606e-09
6.833333333333333925e+00 3.949416549301253997e-09
6.853413654618473849e+00 3.942865072182230475e-09
6.873493975903614661e+00 3.934298858555918673e-09
6.893574297188754585e+00 3.923791422590279972e-09
6.913654618473895397e+00 3.911417617701073036e-09
6.933734939759036209e+00 3.897253333637546705e-09
6.953815261044177021e+00 3.881375197343147790e-09
6.973895582329317833e+00 3.863860279904520548e-09
6.993975903614457756e+00 3.844785811781620548e-09
7.014056224899598568e+00 3.824228908352879956e-09
7.034136546184738492e+00 3.802266307619526651e-09
7.054216867469879304e+00 3.778974328051129271e-09
7.074297188755020116e+00 3.754432952559895632e-09
7.094377510040160928e+00 3.728724798450456417e-09
7.114457831325301740e+00 3.701930142576419928e-09
7.134538152610441664e+00 3.674126613247670734e-09
7.154618473895582476e+00 3.645389112732937668e-09
7.174698795180722399e+00 3.615789759062983189e-09
7.194779116465863211e+00 3.585397846018164065e-09
7.214859437751004023e+00 3.554279820150085179e-09
7.234939759036144835e+00 3.522499259037794764e-09
7.255020080321285647e+00 3.490113263774351208e-09
7.275100401606425571e+00 3.457167979474938899e-09
7.295180722891566383e+00 3.423706211664314514e-09
7.315261044176706307e+00 3.389768770223419075e-09
7.335341365461847118e+00 3.355394603985768695e-09
7.355421686746987930e+00 3.320620931805125917e-09
7.375502008032128742e+00 3.285483368452579197e-09
7.395582329317269554e+00 3.250016043978875284e-09
7.415662650602409478e+00 3.214251715455609457e-09
7.435742971887550290e+00 3.178221870280567740e-09
7.455823293172690214e+00 3.141956820492145244e-09
7.475903614457831026e+00 3.105485787780848391e-09
7.495983935742971838e+00 3.068836979108081453e-09
7.516064257028112650e+00 3.032037653040830373e-09
7.536144578313252573e+00 2.995114177083610161e-09
7.556224899598393385e+00 2.958092076434448132e-09
7.576305220883534197e+00 2.920996074710173423e-09
7.596385542168675009e+00 2.883850127277498468e-09
7.616465863453814933e+00 2.846677447892345816e-09
7.636546184738955745e+00 2.809500529391529199e-09
7.656626506024096557e+00 2.772341159200861390e-09
7.676706827309237369e+00 2.735220430424231616e-09
7.696787148594377292e+00 2.698158749261987112e-09
7.716867469879518104e+00 2.661175839476496605e-09
7.736947791164658916e+00 2.624290744581187860e-09
7.757028112449798840e+00 2.587521828378765144e-09
7.777108433734939652e+00 2.550886839773605685e-09
7.797188755020080464e+00 2.514404082834766468e-09
7.817269076305221276e+00 2.478092086672508072e-09
7.837349397590361200e+00 2.441968392553556656e-09
7.857429718875502012e+00 2.406049534718827740e-09
7.877510040160642824e+00 2.370351067333557031e-09
7.897590361445782747e+00 2.334887591915263716e-09
7.917670682730923559e+00 2.299672785189536525e-09
7.937751004016064371e+00 2.264719427312931653e-09
7.957831325301205183e+00 2.230039430393731384e-09
7.977911646586345107e+00 2.195643867235313569e-09
7.997991967871485919e+00 2.161543000222806152e-09
8.018072289156627619e+00 2.127746310271616460e-09
8.038152610441766655e+00 2.094262525756077141e-09
8.058232931726907466e+00 2.061099651337424221e-09
8.078313253012048278e+00 2.028264996612851445e-09
8.098393574297189090e+00 1.995765204510567641e-09
8.118473895582329902e+00 1.963606279360112494e-09
8.138554216867468938e+00 1.931793614572118163e-09
8.158634538152611526e+00 1.900332019866860002e-09
8.178714859437750562e+00 1.869225747996834553e-09
8.198795180722891374e+00 1.838478520914182505e-09
8.218875502008032186e+00 1.808093555339947993e-09
8.238955823293172998e+00 1.778073587697767664e-09
8.259036144578313809e+00 1.748420898380473960e-09
8.279116465863452845e+00 1.719137335323546050e-09
8.299196787148595433e+00 1.690224336864596165e-09
8.319277108433734469e+00 1.661682953873176546e-09
8.339357429718875281e+00 1.633513871139625084e-09
8.359437751004016093e+00 1.605717428016249500e-09
8.379518072289156905e+00 1.578293638307854010e-09
8.399598393574297717e+00 1.551242209412345284e-09
8.419678714859436752e+00 1.524562560715419811e-09
8.439759036144579341e+00 1.498253841246023118e-09
8.459839357429718376e+00 1.472314946602177151e-09
8.479919678714859188e+00 1.446744535158577915e-09
8.500000000000000000e+00 1.421541043569692055e-09
