# log10(T) rate(cm^3/s)
# Collisional Rates
3.500000000000000000e+00 6.356046379174546778e-31
3.520080321285140368e+00 6.205515773997738454e-30
3.540160642570281180e+00 5.471897568126200090e-29
3.560240963855421548e+00 4.377909394035042325e-28
3.580321285140562360e+00 3.192077798407006652e-27
3.600401606425702727e+00 2.130006625739809558e-26
3.620481927710843539e+00 1.305959687743665078e-25
3.640562248995983907e+00 7.385532631845317952e-25
3.660642570281124719e+00 3.866552565006939037e-24
3.680722891566265087e+00 1.880490654921166046e-23
3.700803212851405455e+00 8.524526363735024074e-23
3.720883534136546267e+00 3.613286825289198274e-22
3.740963855421686635e+00 1.436436985158039656e-21
3.761044176706827447e+00 5.371331276766424726e-21
3.781124497991967814e+00 1.894483629707283233e-20
3.801204819277108626e+00 6.319188733673164971e-20
3.821285140562248994e+00 1.998432305703029285e-19
3.841365461847389362e+00 6.006503562632880368e-19
3.861445783132530174e+00 1.719718769063772757e-18
3.881526104417670542e+00 4.700570163604790026e-18
3.901606425702811354e+00 1.229169938259740918e-17
3.921686746987951722e+00 3.081138758093419986e-17
3.941767068273092534e+00 7.417863169811021046e-17
3.961847389558232901e+00 1.718332981820167919e-16
3.981927710843373269e+00 3.836662525434520508e-16
4.002008032128514081e+00 8.270660232454899966e-16
4.022088353413654893e+00 1.724077827940335254e-15
4.042168674698794817e+00 3.480664751558586386e-15
4.062248995983935629e+00 6.815297802583345649e-15
4.082329317269076441e+00 1.296059516322660923e-14
4.102409638554217253e+00 2.396930427671611407e-14
4.122489959839357176e+00 4.316414867686043471e-14
4.142570281124497988e+00 7.577923902483028496e-14
4.162650602409638800e+00 1.298478947163322612e-13
4.182730923694778724e+00 2.173966409932221124e-13
4.202811244979919536e+00 3.560065307180842754e-13
4.222891566265060348e+00 5.707995299646863173e-13
4.242971887550201160e+00 8.968984703021035157e-13
4.263052208835341084e+00 1.382393386927920663e-12
4.283132530120481896e+00 2.091824875091668266e-12
4.303212851405622708e+00 3.110167016395984896e-12
4.323293172690762631e+00 4.547259747014422856e-12
4.343373493975903443e+00 6.542605179921577393e-12
4.363453815261044255e+00 9.270406748254402953e-12
4.383534136546185067e+00 1.294469676789061904e-11
4.403614457831324991e+00 1.782436979992448927e-11
4.423694779116465803e+00 2.421791845952869755e-11
4.443775100401606615e+00 3.248765701914794559e-11
4.463855421686746539e+00 4.305321758049747103e-11
4.483935742971887350e+00 5.639411425410485828e-11
4.504016064257028162e+00 7.305119238883172970e-11
4.524096385542168974e+00 9.362681137144336506e-11
4.544176706827309786e+00 1.187836491467151468e-10
4.564257028112449710e+00 1.492420621775444774e-10
4.584337349397590522e+00 1.857759835572687788e-10
4.604417670682730446e+00 2.292073917886447516e-10
4.624497991967871258e+00 2.803994308328714888e-10
4.644578313253012070e+00 3.402483061394675424e-10
4.664658634538152882e+00 4.096741196077866184e-10
4.684738955823293693e+00 4.896108373801384129e-10
4.704819277108433617e+00 5.809956071060533570e-10
4.724899598393574429e+00 6.847576554417578928e-10
4.744979919678714353e+00 8.018070021170115311e-10
4.765060240963855165e+00 9.330232243284531552e-10
4.785140562248995977e+00 1.079244495304124691e-09
4.805220883534136789e+00 1.241257104732418177e-09
4.825301204819277601e+00 1.419785648094375606e-09
4.845381526104417524e+00 1.615484046034221455e-09
4.865461847389558336e+00 1.828927527513446036e-09
4.885542168674698260e+00 2.060605678298653023e-09
4.905622489959839072e+00 2.310916637254477162e-09
4.925702811244979884e+00 2.580162488136995740e-09
4.945783132530120696e+00 2.868545861336753802e-09
4.965863453815261508e+00 3.176167738574336085e-09
4.985943775100401432e+00 3.503026385506265529e-09
5.006024096385542244e+00 3.849017480630081210e-09
5.026104417670682167e+00 4.213935345876496990e-09
5.046184738955822979e+00 4.597475140972060461e-09
5.066265060240963791e+00 4.999235965397702971e-09
5.086345381526104603e+00 5.418724494659125016e-09
5.106425702811245415e+00 5.855359209861485638e-09
5.126506024096385339e+00 6.308476117715261179e-09
5.146586345381526151e+00 6.777334614549011811e-09
5.166666666666666963e+00 7.261123693832706154e-09
5.186746987951806886e+00 7.758968474471919282e-09
5.206827309236947698e+00 8.269935672198251118e-09
5.226907630522088510e+00 8.793037326461039645e-09
5.246987951807229322e+00 9.327240810104089338e-09
5.267068273092369246e+00 9.871476731660792169e-09
5.287148594377510058e+00 1.042464594922614724e-08
5.307228915662650870e+00 1.098562644515525852e-08
5.327309236947790794e+00 1.155328000534744063e-08
5.347389558232931606e+00 1.212645398219997947e-08
5.367469879518072418e+00 1.270397257384704249e-08
5.387550200803213230e+00 1.328465622403001115e-08
5.407630522088353153e+00 1.386733238441820303e-08
5.427710843373493965e+00 1.445084120408286143e-08
5.447791164658634777e+00 1.503404081201058036e-08
5.467871485943774701e+00 1.561581217237123650e-08
5.487951807228915513e+00 1.619506350079671968e-08
5.508032128514056325e+00 1.677073071073431977e-08
5.528112449799197137e+00 1.734173558999380041e-08
5.548192771084337949e+00 1.790700177132825573e-08
5.568273092369477872e+00 1.846549308879431685e-08
5.588353413654618684e+00 1.901621802380353795e-08
5.608433734939758608e+00 1.955823283258263135e-08
5.628514056224899420e+00 2.009064419781421174e-08
5.648594377510040232e+00 2.061261135953002894e-08
5.668674698795181044e+00 2.112334766388212796e-08
5.688755020080321856e+00 2.162212170734356793e-08
5.708835341365461780e+00 2.210825705530383764e-08
5.728915662650602592e+00 2.258106688134663248e-08
5.748995983935742515e+00 2.303981526687519721e-08
5.769076305220883327e+00 2.348381796524800695e-08
5.789156626506024139e+00 2.391245355828996519e-08
5.809236947791164951e+00 2.432516437744908507e-08
5.829317269076305763e+00 2.472145690070783685e-08
5.849397590361445687e+00 2.510090190744078515e-08
5.869477911646586499e+00 2.546313612501575802e-08
5.889558232931726423e+00 2.580785985876701372e-08
5.909638554216867234e+00 2.613483407284884905e-08
5.929718875502008046e+00 2.644387866916144065e-08
5.949799196787148858e+00 2.673487048438581873e-08
5.969879518072289670e+00 2.700774102741935932e-08
5.989959839357429594e+00 2.726244757938828035e-08
6.010040160642570406e+00 2.749884501817684446e-08
6.030120481927710330e+00 2.771678955233719308e-08
6.050200803212851142e+00 2.791619369394874749e-08
6.070281124497991954e+00 2.809702515768179538e-08
6.090361445783132766e+00 2.825930541173873501e-08
6.110441767068273577e+00 2.840310788440202983e-08
6.130522088353413501e+00 2.852855586074599442e-08
6.150602409638554313e+00 2.863582022879479046e-08
6.170682730923694237e+00 2.872512966210189383e-08
6.190763052208835049e+00 2.879677669640068205e-08
6.210843373493975861e+00 2.885109059414787964e-08
6.230923694779116673e+00 2.888843171620782057e-08
6.251004016064257485e+00 2.890918871487414001e-08
6.271084337349397408e+00 2.891377568157561363e-08
6.291164658634538220e+00 2.890262927912972700e-08
6.311244979919678144e+00 2.887620588667654670e-08
6.331325301204818956e+00 2.883497878334829805e-08
6.351405622489959768e+00 2.877943539438275772e-08
6.371485943775100580e+00 2.871008380168740270e-08
6.391566265060241392e+00 2.862741161132143678e-08
6.411646586345381316e+00 2.853181801162439748e-08
6.431726907630522128e+00 2.842370157529355882e-08
6.451807228915662051e+00 2.830346804027419882e-08
6.471887550200802863e+00 2.817152973347018568e-08
6.491967871485943675e+00 2.802830490750770382e-08
6.512048192771084487e+00 2.787421699921076548e-08
6.532128514056225299e+00 2.770969381987520754e-08
6.552208835341365223e+00 2.753516668846040687e-08
6.572289156626506035e+00 2.735106951947335547e-08
6.592369477911645959e+00 2.715783787762234940e-08
6.612449799196786770e+00 2.695590801130054160e-08
6.632530120481927582e+00 2.674571782661076041e-08
6.652610441767068394e+00 2.652774603185339145e-08
6.672690763052209206e+00 2.630250289099786556e-08
6.692771084337350018e+00 2.607048511723812828e-08
6.712851405622489942e+00 2.583217408425756532e-08
6.732931726907629866e+00 2.558803595877768789e-08
6.753012048192770678e+00 2.533852183125768550e-08
6.773092369477911490e+00 2.508406784724201186e-08
6.793172690763052302e+00 2.482509534174508034e-08
6.813253012048193114e+00 2.456201097886526606e-08
6.833333333333333925e+00 2.429520689856230876e-08
6.853413654618473849e+00 2.402506087223667167e-08
6.873493975903614661e+00 2.375193646843592385e-08
6.893574297188754585e+00 2.347618322969699175e-08
6.913654618473895397e+00 2.319813686122598089e-08
6.933734939759036209e+00 2.291811943182841657e-08
6.953815261044177021e+00 2.263643958723715853e-08
6.973895582329317833e+00 2.235339277574835933e-08
6.993975903614457756e+00 2.206926148586594131e-08
7.014056224899598568e+00 2.178431549548442901e-08
7.034136546184738492e+00 2.149882301654663904e-08
7.054216867469879304e+00 2.121307926342265224e-08
7.074297188755020116e+00 2.092736938781508828e-08
7.094377510040160928e+00 2.064195786025201806e-08
7.114457831325301740e+00 2.035706907062411531e-08
7.134538152610441664e+00 2.007288415098590245e-08
7.154618473895582476e+00 1.978956920685692578e-08
7.174698795180722399e+00 1.950727833133091321e-08
7.194779116465863211e+00 1.922615463782142984e-08
7.214859437751004023e+00 1.894633120342770352e-08
7.234939759036144835e+00 1.866793192552435379e-08
7.255020080321285647e+00 1.839107229504983416e-08
7.275100401606425571e+00 1.811586009067260384e-08
7.295180722891566383e+00 1.784239599856065186e-08
7.315261044176706307e+00 1.757077416287623648e-08
7.335341365461847118e+00 1.730108267237567687e-08
7.355421686746987930e+00 1.703340398862656515e-08
7.375502008032128742e+00 1.676781532137568443e-08
7.395582329317269554e+00 1.650438895652542684e-08
7.415662650602409478e+00 1.624319254201957612e-08
7.435742971887550290e+00 1.598428933671437241e-08
7.455823293172690214e+00 1.572773842703466747e-08
7.475903614457831026e+00 1.547359491589663958e-08
7.495983935742971838e+00 1.522191008803578044e-08
7.516064257028112650e+00 1.497273155551606129e-08
7.536144578313252573e+00 1.472610338682876557e-08
7.556224899598393385e+00 1.448206622262220507e-08
7.576305220883534197e+00 1.424065738074411372e-08
7.596385542168675009e+00 1.400191095293295165e-08
7.616465863453814933e+00 1.376585789516688958e-08
7.636546184738955745e+00 1.353252611337289393e-08
7.656626506024096557e+00 1.330194054591526038e-08
7.676706827309237369e+00 1.307412324402520716e-08
7.696787148594377292e+00 1.284909345110047509e-08
7.716867469879518104e+00 1.262686768159689601e-08
7.736947791164658916e+00 1.240745980023306064e-08
7.757028112449798840e+00 1.219088414497592506e-08
7.777108433734939652e+00 1.197716247654731122e-08
7.797188755020080464e+00 1.176631432896428522e-08
7.817269076305221276e+00 1.155835472224538533e-08
7.837349397590361200e+00 1.135329445187482922e-08
7.857429718875502012e+00 1.115114036695339683e-08
7.877510040160642824e+00 1.095189563686112772e-08
7.897590361445782747e+00 1.075556000634755823e-08
7.917670682730923559e+00 1.056213003904683479e-08
7.937751004016064371e+00 1.037159934948717846e-08
7.957831325301205183e+00 1.018395882372644387e-08
7.977911646586345107e+00 9.999196828800204411e-09
7.997991967871485919e+00 9.817299411214768145e-09
8.018072289156627619e+00 9.638250484756155298e-09
8.038152610441766655e+00 9.462032007917609936e-09
8.058232931726907466e+00 9.288624151273626330e-09
8.078313253012048278e+00 9.118005455148311157e-09
8.098393574297189090e+00 8.950152977940186470e-09
8.118473895582329902e+00 8.785042435475337150e-09
8.138554216867468938e+00 8.622648331767265177e-09
8.158634538152611526e+00 8.462944081563574964e-09
8.178714859437750562e+00 8.305902125059637122e-09
8.198795180722891374e+00 8.151494035155482066e-09
8.218875502008032186e+00 7.999690617627342408e-09
8.238955823293172998e+00 7.850462004577547216e-09
8.259036144578313809e+00 7.703777741517850273e-09
8.279116465863452845e+00 7.559606868431338440e-09
8.299196787148595433e+00 7.417917995146843815e-09
8.319277108433734469e+00 7.278679371348389826e-09
8.339357429718875281e+00 7.141858951529452881e-09
8.359437751004016093e+00 7.007424455190054544e-09
8.379518072289156905e+00 6.875343422560875380e-09
8.399598393574297717e+00 6.745583266126641245e-09
8.419678714859436752e+00 6.618111318207651501e-09
8.439759036144579341e+00 6.492894874845692564e-09
8.459839357429718376e+00 6.369901236228558752e-09
8.479919678714859188e+00 6.249097743874246937e-09
8.500000000000000000e+00 6.130451814785311869e-09
