# log10(T) rate(cm^3/s)
# Collisional Rates
3.500000000000000000e+00 0.000000000000000000e+00
3.520080321285140368e+00 0.000000000000000000e+00
3.540160642570281180e+00 0.000000000000000000e+00
3.560240963855421548e+00 0.000000000000000000e+00
3.580321285140562360e+00 0.000000000000000000e+00
3.600401606425702727e+00 0.000000000000000000e+00
3.620481927710843539e+00 0.000000000000000000e+00
3.640562248995983907e+00 0.000000000000000000e+00
3.660642570281124719e+00 0.000000000000000000e+00
3.680722891566265087e+00 0.000000000000000000e+00
3.700803212851405455e+00 0.000000000000000000e+00
3.720883534136546267e+00 0.000000000000000000e+00
3.740963855421686635e+00 0.000000000000000000e+00
3.761044176706827447e+00 0.000000000000000000e+00
3.781124497991967814e+00 0.000000000000000000e+00
3.801204819277108626e+00 0.000000000000000000e+00
3.821285140562248994e+00 0.000000000000000000e+00
3.841365461847389362e+00 0.000000000000000000e+00
3.861445783132530174e+00 0.000000000000000000e+00
3.881526104417670542e+00 0.000000000000000000e+00
3.901606425702811354e+00 0.000000000000000000e+00
3.921686746987951722e+00 0.000000000000000000e+00
3.941767068273092534e+00 0.000000000000000000e+00
3.961847389558232901e+00 0.000000000000000000e+00
3.981927710843373269e+00 0.000000000000000000e+00
4.002008032128514081e+00 0.000000000000000000e+00
4.022088353413654893e+00 0.000000000000000000e+00
4.042168674698794817e+00 0.000000000000000000e+00
4.062248995983935629e+00 0.000000000000000000e+00
4.082329317269076441e+00 0.000000000000000000e+00
4.102409638554217253e+00 0.000000000000000000e+00
4.122489959839357176e+00 0.000000000000000000e+00
4.142570281124497988e+00 0.000000000000000000e+00
4.162650602409638800e+00 0.000000000000000000e+00
4.182730923694778724e+00 0.000000000000000000e+00
4.202811244979919536e+00 0.000000000000000000e+00
4.222891566265060348e+00 0.000000000000000000e+00
4.242971887550201160e+00 0.000000000000000000e+00
4.263052208835341084e+00 0.000000000000000000e+00
4.283132530120481896e+00 0.000000000000000000e+00
4.303212851405622708e+00 0.000000000000000000e+00
4.323293172690762631e+00 0.000000000000000000e+00
4.343373493975903443e+00 0.000000000000000000e+00
4.363453815261044255e+00 0.000000000000000000e+00
4.383534136546185067e+00 0.000000000000000000e+00
4.403614457831324991e+00 0.000000000000000000e+00
4.423694779116465803e+00 0.000000000000000000e+00
4.443775100401606615e+00 0.000000000000000000e+00
4.463855421686746539e+00 0.000000000000000000e+00
4.483935742971887350e+00 0.000000000000000000e+00
4.504016064257028162e+00 0.000000000000000000e+00
4.524096385542168974e+00 0.000000000000000000e+00
4.544176706827309786e+00 0.000000000000000000e+00
4.564257028112449710e+00 0.000000000000000000e+00
4.584337349397590522e+00 0.000000000000000000e+00
4.604417670682730446e+00 0.000000000000000000e+00
4.624497991967871258e+00 0.000000000000000000e+00
4.644578313253012070e+00 0.000000000000000000e+00
4.664658634538152882e+00 0.000000000000000000e+00
4.684738955823293693e+00 0.000000000000000000e+00
4.704819277108433617e+00 0.000000000000000000e+00
4.724899598393574429e+00 0.000000000000000000e+00
4.744979919678714353e+00 0.000000000000000000e+00
4.765060240963855165e+00 0.000000000000000000e+00
4.785140562248995977e+00 0.000000000000000000e+00
4.805220883534136789e+00 0.000000000000000000e+00
4.825301204819277601e+00 0.000000000000000000e+00
4.845381526104417524e+00 0.000000000000000000e+00
4.865461847389558336e+00 0.000000000000000000e+00
4.885542168674698260e+00 0.000000000000000000e+00
4.905622489959839072e+00 0.000000000000000000e+00
4.925702811244979884e+00 0.000000000000000000e+00
4.945783132530120696e+00 0.000000000000000000e+00
4.965863453815261508e+00 0.000000000000000000e+00
4.985943775100401432e+00 0.000000000000000000e+00
5.006024096385542244e+00 0.000000000000000000e+00
5.026104417670682167e+00 0.000000000000000000e+00
5.046184738955822979e+00 0.000000000000000000e+00
5.066265060240963791e+00 0.000000000000000000e+00
5.086345381526104603e+00 0.000000000000000000e+00
5.106425702811245415e+00 0.000000000000000000e+00
5.126506024096385339e+00 0.000000000000000000e+00
5.146586345381526151e+00 0.000000000000000000e+00
5.166666666666666963e+00 0.000000000000000000e+00
5.186746987951806886e+00 0.000000000000000000e+00
5.206827309236947698e+00 0.000000000000000000e+00
5.226907630522088510e+00 0.000000000000000000e+00
5.246987951807229322e+00 0.000000000000000000e+00
5.267068273092369246e+00 0.000000000000000000e+00
5.287148594377510058e+00 0.000000000000000000e+00
5.307228915662650870e+00 0.000000000000000000e+00
5.327309236947790794e+00 0.000000000000000000e+00
5.347389558232931606e+00 0.000000000000000000e+00
5.367469879518072418e+00 0.000000000000000000e+00
5.387550200803213230e+00 0.000000000000000000e+00
5.407630522088353153e+00 0.000000000000000000e+00
5.427710843373493965e+00 0.000000000000000000e+00
5.447791164658634777e+00 0.000000000000000000e+00
5.467871485943774701e+00 0.000000000000000000e+00
5.487951807228915513e+00 0.000000000000000000e+00
5.508032128514056325e+00 0.000000000000000000e+00
5.528112449799197137e+00 0.000000000000000000e+00
5.548192771084337949e+00 0.000000000000000000e+00
5.568273092369477872e+00 0.000000000000000000e+00
5.588353413654618684e+00 0.000000000000000000e+00
5.608433734939758608e+00 0.000000000000000000e+00
5.628514056224899420e+00 0.000000000000000000e+00
5.648594377510040232e+00 0.000000000000000000e+00
5.668674698795181044e+00 0.000000000000000000e+00
5.688755020080321856e+00 0.000000000000000000e+00
5.708835341365461780e+00 0.000000000000000000e+00
5.728915662650602592e+00 0.000000000000000000e+00
5.748995983935742515e+00 0.000000000000000000e+00
5.769076305220883327e+00 0.000000000000000000e+00
5.789156626506024139e+00 0.000000000000000000e+00
5.809236947791164951e+00 0.000000000000000000e+00
5.829317269076305763e+00 0.000000000000000000e+00
5.849397590361445687e+00 0.000000000000000000e+00
5.869477911646586499e+00 0.000000000000000000e+00
5.889558232931726423e+00 0.000000000000000000e+00
5.909638554216867234e+00 0.000000000000000000e+00
5.929718875502008046e+00 0.000000000000000000e+00
5.949799196787148858e+00 0.000000000000000000e+00
5.969879518072289670e+00 0.000000000000000000e+00
5.989959839357429594e+00 0.000000000000000000e+00
6.010040160642570406e+00 0.000000000000000000e+00
6.030120481927710330e+00 0.000000000000000000e+00
6.050200803212851142e+00 0.000000000000000000e+00
6.070281124497991954e+00 0.000000000000000000e+00
6.090361445783132766e+00 0.000000000000000000e+00
6.110441767068273577e+00 0.000000000000000000e+00
6.130522088353413501e+00 0.000000000000000000e+00
6.150602409638554313e+00 0.000000000000000000e+00
6.170682730923694237e+00 0.000000000000000000e+00
6.190763052208835049e+00 0.000000000000000000e+00
6.210843373493975861e+00 0.000000000000000000e+00
6.230923694779116673e+00 0.000000000000000000e+00
6.251004016064257485e+00 0.000000000000000000e+00
6.271084337349397408e+00 0.000000000000000000e+00
6.291164658634538220e+00 0.000000000000000000e+00
6.311244979919678144e+00 0.000000000000000000e+00
6.331325301204818956e+00 0.000000000000000000e+00
6.351405622489959768e+00 0.000000000000000000e+00
6.371485943775100580e+00 0.000000000000000000e+00
6.391566265060241392e+00 0.000000000000000000e+00
6.411646586345381316e+00 0.000000000000000000e+00
6.431726907630522128e+00 0.000000000000000000e+00
6.451807228915662051e+00 0.000000000000000000e+00
6.471887550200802863e+00 0.000000000000000000e+00
6.491967871485943675e+00 0.000000000000000000e+00
6.512048192771084487e+00 0.000000000000000000e+00
6.532128514056225299e+00 0.000000000000000000e+00
6.552208835341365223e+00 0.000000000000000000e+00
6.572289156626506035e+00 0.000000000000000000e+00
6.592369477911645959e+00 0.000000000000000000e+00
6.612449799196786770e+00 0.000000000000000000e+00
6.632530120481927582e+00 0.000000000000000000e+00
6.652610441767068394e+00 0.000000000000000000e+00
6.672690763052209206e+00 0.000000000000000000e+00
6.692771084337350018e+00 0.000000000000000000e+00
6.712851405622489942e+00 0.000000000000000000e+00
6.732931726907629866e+00 0.000000000000000000e+00
6.753012048192770678e+00 0.000000000000000000e+00
6.773092369477911490e+00 0.000000000000000000e+00
6.793172690763052302e+00 0.000000000000000000e+00
6.813253012048193114e+00 0.000000000000000000e+00
6.833333333333333925e+00 0.000000000000000000e+00
6.853413654618473849e+00 0.000000000000000000e+00
6.873493975903614661e+00 0.000000000000000000e+00
6.893574297188754585e+00 0.000000000000000000e+00
6.913654618473895397e+00 0.000000000000000000e+00
6.933734939759036209e+00 0.000000000000000000e+00
6.953815261044177021e+00 0.000000000000000000e+00
6.973895582329317833e+00 0.000000000000000000e+00
6.993975903614457756e+00 0.000000000000000000e+00
7.014056224899598568e+00 0.000000000000000000e+00
7.034136546184738492e+00 0.000000000000000000e+00
7.054216867469879304e+00 0.000000000000000000e+00
7.074297188755020116e+00 0.000000000000000000e+00
7.094377510040160928e+00 0.000000000000000000e+00
7.114457831325301740e+00 0.000000000000000000e+00
7.134538152610441664e+00 0.000000000000000000e+00
7.154618473895582476e+00 0.000000000000000000e+00
7.174698795180722399e+00 0.000000000000000000e+00
7.194779116465863211e+00 0.000000000000000000e+00
7.214859437751004023e+00 0.000000000000000000e+00
7.234939759036144835e+00 0.000000000000000000e+00
7.255020080321285647e+00 0.000000000000000000e+00
7.275100401606425571e+00 0.000000000000000000e+00
7.295180722891566383e+00 0.000000000000000000e+00
7.315261044176706307e+00 0.000000000000000000e+00
7.335341365461847118e+00 0.000000000000000000e+00
7.355421686746987930e+00 0.000000000000000000e+00
7.375502008032128742e+00 0.000000000000000000e+00
7.395582329317269554e+00 0.000000000000000000e+00
7.415662650602409478e+00 0.000000000000000000e+00
7.435742971887550290e+00 0.000000000000000000e+00
7.455823293172690214e+00 0.000000000000000000e+00
7.475903614457831026e+00 0.000000000000000000e+00
7.495983935742971838e+00 0.000000000000000000e+00
7.516064257028112650e+00 0.000000000000000000e+00
7.536144578313252573e+00 0.000000000000000000e+00
7.556224899598393385e+00 0.000000000000000000e+00
7.576305220883534197e+00 0.000000000000000000e+00
7.596385542168675009e+00 0.000000000000000000e+00
7.616465863453814933e+00 0.000000000000000000e+00
7.636546184738955745e+00 0.000000000000000000e+00
7.656626506024096557e+00 0.000000000000000000e+00
7.676706827309237369e+00 0.000000000000000000e+00
7.696787148594377292e+00 0.000000000000000000e+00
7.716867469879518104e+00 0.000000000000000000e+00
7.736947791164658916e+00 0.000000000000000000e+00
7.757028112449798840e+00 0.000000000000000000e+00
7.777108433734939652e+00 0.000000000000000000e+00
7.797188755020080464e+00 0.000000000000000000e+00
7.817269076305221276e+00 0.000000000000000000e+00
7.837349397590361200e+00 0.000000000000000000e+00
7.857429718875502012e+00 0.000000000000000000e+00
7.877510040160642824e+00 0.000000000000000000e+00
7.897590361445782747e+00 0.000000000000000000e+00
7.917670682730923559e+00 0.000000000000000000e+00
7.937751004016064371e+00 0.000000000000000000e+00
7.957831325301205183e+00 0.000000000000000000e+00
7.977911646586345107e+00 0.000000000000000000e+00
7.997991967871485919e+00 0.000000000000000000e+00
8.018072289156627619e+00 0.000000000000000000e+00
8.038152610441766655e+00 0.000000000000000000e+00
8.058232931726907466e+00 0.000000000000000000e+00
8.078313253012048278e+00 0.000000000000000000e+00
8.098393574297189090e+00 0.000000000000000000e+00
8.118473895582329902e+00 0.000000000000000000e+00
8.138554216867468938e+00 0.000000000000000000e+00
8.158634538152611526e+00 0.000000000000000000e+00
8.178714859437750562e+00 0.000000000000000000e+00
8.198795180722891374e+00 0.000000000000000000e+00
8.218875502008032186e+00 0.000000000000000000e+00
8.238955823293172998e+00 0.000000000000000000e+00
8.259036144578313809e+00 0.000000000000000000e+00
8.279116465863452845e+00 0.000000000000000000e+00
8.299196787148595433e+00 0.000000000000000000e+00
8.319277108433734469e+00 0.000000000000000000e+00
8.339357429718875281e+00 0.000000000000000000e+00
8.359437751004016093e+00 0.000000000000000000e+00
8.379518072289156905e+00 0.000000000000000000e+00
8.399598393574297717e+00 0.000000000000000000e+00
8.419678714859436752e+00 0.000000000000000000e+00
8.439759036144579341e+00 0.000000000000000000e+00
8.459839357429718376e+00 0.000000000000000000e+00
8.479919678714859188e+00 0.000000000000000000e+00
8.500000000000000000e+00 0.000000000000000000e+00
