# log10(T) rate(cm^3/s)
# Collisional Rates
3.500000000000000000e+00 7.551298587829443845e-44
3.520080321285140368e+00 2.756257045891095219e-42
3.540160642570281180e+00 8.559025766774000864e-41
3.560240963855421548e+00 2.277744416677915413e-39
3.580321285140562360e+00 5.231038595832062756e-38
3.600401606425702727e+00 1.043668524509415129e-36
3.620481927710843539e+00 1.820488018665389298e-35
3.640562248995983907e+00 2.793172730770727486e-34
3.660642570281124719e+00 3.791469652872656090e-33
3.680722891566265087e+00 4.578451473032538962e-32
3.700803212851405455e+00 4.944515837462407988e-31
3.720883534136546267e+00 4.799680371198990326e-30
3.740963855421686635e+00 4.207988832230942507e-29
3.761044176706827447e+00 3.347390896273507431e-28
3.781124497991967814e+00 2.426685914282122381e-27
3.801204819277108626e+00 1.609961896010369911e-26
3.821285140562248994e+00 9.814087529866736736e-26
3.841365461847389362e+00 5.517921347077633478e-25
3.861445783132530174e+00 2.871946706036256779e-24
3.881526104417670542e+00 1.388561369455766115e-23
3.901606425702811354e+00 6.257284424521347358e-23
3.921686746987951722e+00 2.636440418748261236e-22
3.941767068273092534e+00 1.041785284969813770e-21
3.961847389558232901e+00 3.871901152055786583e-21
3.981927710843373269e+00 1.357241200852422190e-20
4.002008032128514081e+00 4.499076992661930097e-20
4.022088353413654893e+00 1.413900124144167750e-19
4.042168674698794817e+00 4.222688369273969792e-19
4.062248995983935629e+00 1.201250089998916288e-18
4.082329317269076441e+00 3.262167363554832936e-18
4.102409638554217253e+00 8.474596053535398205e-18
4.122489959839357176e+00 2.110291862568931880e-17
4.142570281124497988e+00 5.046713991145348247e-17
4.162650602409638800e+00 1.161214178122552487e-16
4.182730923694778724e+00 2.575211427715787605e-16
4.202811244979919536e+00 5.513610940636322126e-16
4.222891566265060348e+00 1.141499195051449762e-15
4.242971887550201160e+00 2.288728768215151559e-15
4.263052208835341084e+00 4.450676548268164552e-15
4.283132530120481896e+00 8.405753505916895324e-15
4.303212851405622708e+00 1.543922808021150798e-14
4.323293172690762631e+00 2.761384973017685441e-14
4.343373493975903443e+00 4.815160983489207744e-14
4.363453815261044255e+00 8.195665556058329129e-14
4.383534136546185067e+00 1.363114722754414649e-13
4.403614457831324991e+00 2.217786311735139728e-13
4.423694779116465803e+00 3.533381689832281176e-13
4.443775100401606615e+00 5.517857242923324159e-13
4.463855421686746539e+00 8.454088655865117475e-13
4.483935742971887350e+00 1.271948888345568025e-12
4.504016064257028162e+00 1.880843326149457724e-12
4.524096385542168974e+00 2.735731378852980719e-12
4.544176706827309786e+00 3.917191453420764450e-12
4.564257028112449710e+00 5.525668183088249959e-12
4.584337349397590522e+00 7.684536623006131581e-12
4.604417670682730446e+00 1.054324468810407217e-11
4.624497991967871258e+00 1.428047158044057665e-11
4.644578313253012070e+00 1.910724085693136738e-11
4.664658634538152882e+00 2.526993145369612204e-11
4.684738955823293693e+00 3.305313596456341370e-11
4.704819277108433617e+00 4.278232479536202835e-11
4.724899598393574429e+00 5.482627603898813897e-11
4.744979919678714353e+00 6.959925638673526180e-11
4.765060240963855165e+00 8.756295258930306601e-11
4.785140562248995977e+00 1.092281318316553050e-10
4.805220883534136789e+00 1.351560327230360260e-10
4.825301204819277601e+00 1.659594229736671941e-10
4.845381526104417524e+00 2.023031844211910021e-10
4.865461847389558336e+00 2.449048903698214604e-10
4.885542168674698260e+00 2.945350518444549009e-10
4.905622489959839072e+00 3.520170043239705009e-10
4.925702811244979884e+00 4.182264475908360190e-10
4.945783132530120696e+00 4.940901353816828259e-10
4.965863453815261508e+00 5.805817623934880040e-10
4.985943775100401432e+00 6.787206030776664973e-10
5.006024096385542244e+00 7.895697625898839484e-10
5.026104417670682167e+00 9.142331396038735276e-10
5.046184738955822979e+00 1.053851841580761758e-09
5.066265060240963791e+00 1.209600024104682916e-09
5.086345381526104603e+00 1.382677438550964025e-09
5.106425702811245415e+00 1.574284288602652010e-09
5.126506024096385339e+00 1.785619654521669882e-09
5.146586345381526151e+00 2.017882148189256897e-09
5.166666666666666963e+00 2.272262932776694141e-09
5.186746987951806886e+00 2.549938504685150083e-09
5.206827309236947698e+00 2.852063316250363892e-09
5.226907630522088510e+00 3.179762280112577225e-09
5.246987951807229322e+00 3.534121286320351928e-09
5.267068273092369246e+00 3.916113900179054862e-09
5.287148594377510058e+00 4.326562474110835809e-09
5.307228915662650870e+00 4.766196318599728484e-09
5.327309236947790794e+00 5.235651699539673507e-09
5.347389558232931606e+00 5.735468377922078116e-09
5.367469879518072418e+00 6.266087131454637282e-09
5.387550200803213230e+00 6.827848005191004540e-09
5.407630522088353153e+00 7.420989044006523636e-09
5.427710843373493965e+00 8.045645788068446712e-09
5.447791164658634777e+00 8.701851185897893696e-09
5.467871485943774701e+00 9.389430363429276850e-09
5.487951807228915513e+00 1.010779566825370440e-08
5.508032128514056325e+00 1.085617128568482034e-08
5.528112449799197137e+00 1.163365097562729670e-08
5.548192771084337949e+00 1.243920979892896369e-08
5.568273092369477872e+00 1.327171649547015245e-08
5.588353413654618684e+00 1.412994608299857719e-08
5.608433734939758608e+00 1.501259242875853138e-08
5.628514056224899420e+00 1.591828262259960476e-08
5.648594377510040232e+00 1.684559199896328436e-08
5.668674698795181044e+00 1.779305063012668768e-08
5.688755020080321856e+00 1.875915288600747251e-08
5.708835341365461780e+00 1.974236707481206108e-08
5.728915662650602592e+00 2.074110487126764875e-08
5.748995983935742515e+00 2.175331210410629152e-08
5.769076305220883327e+00 2.277662693743677964e-08
5.789156626506024139e+00 2.380867856185738022e-08
5.809236947791164951e+00 2.484712339810958827e-08
5.829317269076305763e+00 2.588965288955309839e-08
5.849397590361445687e+00 2.693400112181140299e-08
5.869477911646586499e+00 2.797795850796566572e-08
5.889558232931726423e+00 2.901938384331261607e-08
5.909638554216867234e+00 3.005621464335050453e-08
5.929718875502008046e+00 3.108647576457305943e-08
5.949799196787148858e+00 3.210828634081300770e-08
5.969879518072289670e+00 3.311986509749742440e-08
5.989959839357429594e+00 3.411953501550673586e-08
6.010040160642570406e+00 3.510574768960399155e-08
6.030120481927710330e+00 3.607708318093297016e-08
6.050200803212851142e+00 3.703222418653578166e-08
6.070281124497991954e+00 3.796995364957010876e-08
6.090361445783132766e+00 3.888915288568171779e-08
6.110441767068273577e+00 3.978879841103836303e-08
6.130522088353413501e+00 4.066776803129931275e-08
6.150602409638554313e+00 4.152457587782656845e-08
6.170682730923694237e+00 4.235777199385548532e-08
6.190763052208835049e+00 4.316601415585063648e-08
6.210843373493975861e+00 4.394807119749859960e-08
6.230923694779116673e+00 4.470282554741801840e-08
6.251004016064257485e+00 4.542927498627532762e-08
6.271084337349397408e+00 4.612654532733619077e-08
6.291164658634538220e+00 4.679392062973975013e-08
6.311244979919678144e+00 4.743080402631882913e-08
6.331325301204818956e+00 4.803670556358758296e-08
6.351405622489959768e+00 4.861124070608996171e-08
6.371485943775100580e+00 4.915412824446589698e-08
6.391566265060241392e+00 4.966518763679940126e-08
6.411646586345381316e+00 5.014433581837837170e-08
6.431726907630522128e+00 5.059158352004157236e-08
6.451807228915662051e+00 5.100703113971634561e-08
6.471887550200802863e+00 5.139086421548987659e-08
6.491967871485943675e+00 5.174334855155111580e-08
6.512048192771084487e+00 5.206482505056892291e-08
6.532128514056225299e+00 5.235570430751950105e-08
6.552208835341365223e+00 5.261646102065756277e-08
6.572289156626506035e+00 5.284762827525943496e-08
6.592369477911645959e+00 5.304979175498993150e-08
6.612449799196786770e+00 5.322358393430151774e-08
6.632530120481927582e+00 5.336967830321408221e-08
6.652610441767068394e+00 5.348878487829236137e-08
6.672690763052209206e+00 5.358166760180468597e-08
6.692771084337350018e+00 5.364913345237327699e-08
6.712851405622489942e+00 5.369200289964917407e-08
6.732931726907629866e+00 5.371110441640525854e-08
6.753012048192770678e+00 5.370727024583966538e-08
6.773092369477911490e+00 5.368133246716624796e-08
6.793172690763052302e+00 5.363411937363681822e-08
6.813253012048193114e+00 5.356645217322045110e-08
6.833333333333333925e+00 5.347914170688046763e-08
6.853413654618473849e+00 5.337292578422343271e-08
6.873493975903614661e+00 5.324839925299071499e-08
6.893574297188754585e+00 5.310613261827406594e-08
6.913654618473895397e+00 5.294668973996505883e-08
6.933734939759036209e+00 5.277062774834798414e-08
6.953815261044177021e+00 5.257849705648192939e-08
6.973895582329317833e+00 5.237084144508191114e-08
6.993975903614457756e+00 5.214819819750100645e-08
7.014056224899598568e+00 5.191109826460493894e-08
7.034136546184738492e+00 5.166006644173352707e-08
7.054216867469879304e+00 5.139562154247112787e-08
7.074297188755020116e+00 5.111827655652475056e-08
7.094377510040160928e+00 5.082853878155882545e-08
7.114457831325301740e+00 5.052690992129899002e-08
7.134538152610441664e+00 5.021388614453806499e-08
7.154618473895582476e+00 4.988995810181571465e-08
7.174698795180722399e+00 4.955561089846377396e-08
7.194779116465863211e+00 4.921132402439388759e-08
7.214859437751004023e+00 4.885757124243808653e-08
7.234939759036144835e+00 4.849482043823441952e-08
7.255020080321285647e+00 4.812353343558333281e-08
7.275100401606425571e+00 4.774416578189677889e-08
7.295180722891566383e+00 4.735716650883547374e-08
7.315261044176706307e+00 4.696297787350625164e-08
7.335341365461847118e+00 4.656203508568264833e-08
7.355421686746987930e+00 4.615476602645598576e-08
7.375502008032128742e+00 4.574159134269305854e-08
7.395582329317269554e+00 4.532293038042528621e-08
7.415662650602409478e+00 4.489919886497879690e-08
7.435742971887550290e+00 4.447080246731301830e-08
7.455823293172690214e+00 4.403813648140753996e-08
7.475903614457831026e+00 4.360158572675957494e-08
7.495983935742971838e+00 4.316152446752512268e-08
7.516064257028112650e+00 4.271831634937149148e-08
7.536144578313252573e+00 4.227231435481513057e-08
7.556224899598393385e+00 4.182386077753695073e-08
7.576305220883534197e+00 4.137328721590417668e-08
7.596385542168675009e+00 4.092091458568297485e-08
7.616465863453814933e+00 4.046705315170828734e-08
7.636546184738955745e+00 4.001200257808180361e-08
7.656626506024096557e+00 3.955605199630005123e-08
7.676706827309237369e+00 3.909948009057195495e-08
7.696787148594377292e+00 3.864255519946686670e-08
7.716867469879518104e+00 3.818553543293884426e-08
7.736947791164658916e+00 3.772866880370248047e-08
7.757028112449798840e+00 3.727219337188216223e-08
7.777108433734939652e+00 3.681633740182511970e-08
7.797188755020080464e+00 3.636131952995194338e-08
7.817269076305221276e+00 3.590734894251691034e-08
7.837349397590361200e+00 3.545462556216133949e-08
7.857429718875502012e+00 3.500334024216715805e-08
7.877510040160642824e+00 3.455367496734566083e-08
7.897590361445782747e+00 3.410580306053989439e-08
7.917670682730923559e+00 3.365988939375859087e-08
7.937751004016064371e+00 3.321609060301364086e-08
7.957831325301205183e+00 3.277455530598145503e-08
7.977911646586345107e+00 3.233542432166509700e-08
7.997991967871485919e+00 3.189883089129074172e-08
8.018072289156627619e+00 3.146490089972527746e-08
8.038152610441766655e+00 3.103375309676102959e-08
8.058232931726907466e+00 3.060549931766565672e-08
8.078313253012048278e+00 3.018024470245202787e-08
8.098393574297189090e+00 2.975808791337129593e-08
8.118473895582329902e+00 2.933912135018476271e-08
8.138554216867468938e+00 2.892343136281721455e-08
8.158634538152611526e+00 2.851109846103759910e-08
8.178714859437750562e+00 2.810219752085921620e-08
8.198795180722891374e+00 2.769679798738666190e-08
8.218875502008032186e+00 2.729496407387877515e-08
8.238955823293172998e+00 2.689675495682784958e-08
8.259036144578313809e+00 2.650222496689015072e-08
8.279116465863452845e+00 2.611142377553046963e-08
8.299196787148595433e+00 2.572439657727137298e-08
8.319277108433734469e+00 2.534118426746391197e-08
8.339357429718875281e+00 2.496182361551603767e-08
8.359437751004016093e+00 2.458634743353964679e-08
8.379518072289156905e+00 2.421478474039218352e-08
8.399598393574297717e+00 2.384716092110738117e-08
8.419678714859436752e+00 2.348349788172468263e-08
8.439759036144579341e+00 2.312381419953866761e-08
8.459839357429718376e+00 2.276812526880425734e-08
8.479919678714859188e+00 2.241644344194076632e-08
8.500000000000000000e+00 2.206877816629014281e-08
