# log10(T) rate(cm^3/s)
# Collisional Rates
3.500000000000000000e+00 8.596635055592035227e-111
3.520080321285140368e+00 3.264578363038982143e-106
3.540160642570281180e+00 7.706585866063366351e-102
3.560240963855421548e+00 1.155479459524163545e-97
3.580321285140562360e+00 1.123143304068398361e-93
3.600401606425702727e+00 7.217483979330588227e-90
3.620481927710843539e+00 3.124171677166193219e-86
3.640562248995983907e+00 9.273338841503634180e-83
3.660642570281124719e+00 1.919963480953395746e-79
3.680722891566265087e+00 2.818216285659941317e-76
3.700803212851405455e+00 2.978720105641176702e-73
3.720883534136546267e+00 2.300931245271947983e-70
3.740963855421686635e+00 1.317496619691724426e-67
3.761044176706827447e+00 5.668166826563647507e-65
3.781124497991967814e+00 1.856063534127944515e-62
3.801204819277108626e+00 4.683349093799623593e-60
3.821285140562248994e+00 9.213996826547860317e-58
3.841365461847389362e+00 1.429389834221842345e-55
3.861445783132530174e+00 1.767368237335596145e-53
3.881526104417670542e+00 1.759661261852924755e-51
3.901606425702811354e+00 1.424647953162223319e-49
3.921686746987951722e+00 9.467192703749136139e-48
3.941767068273092534e+00 5.210091773393572196e-46
3.961847389558232901e+00 2.394860622413134422e-44
3.981927710843373269e+00 9.269554185194315909e-43
4.002008032128514081e+00 3.044770508039011640e-41
4.022088353413654893e+00 8.550437593613118348e-40
4.042168674698794817e+00 2.067452701924463767e-38
4.062248995983935629e+00 4.333439345714633657e-37
4.082329317269076441e+00 7.924712264185186873e-36
4.102409638554217253e+00 1.272228055859888270e-34
4.122489959839357176e+00 1.803570780620512343e-33
4.142570281124497988e+00 2.270537758340576412e-32
4.162650602409638800e+00 2.552006922551702747e-31
4.182730923694778724e+00 2.574053113067174447e-30
4.202811244979919536e+00 2.341316329548787109e-29
4.222891566265060348e+00 1.929469874390769165e-28
4.242971887550201160e+00 1.447064642105145406e-27
4.263052208835341084e+00 9.918798053442320498e-27
4.283132530120481896e+00 6.239027898227633757e-26
4.303212851405622708e+00 3.615324913357391636e-25
4.323293172690762631e+00 1.937134695789187691e-24
4.343373493975903443e+00 9.631438751348378997e-24
4.363453815261044255e+00 4.458704307197255430e-23
4.383534136546185067e+00 1.928027740814102294e-22
4.403614457831324991e+00 7.811646379514030257e-22
4.423694779116465803e+00 2.974223854754884986e-21
4.443775100401606615e+00 1.067150890614826185e-20
4.463855421686746539e+00 3.617955897903167010e-20
4.483935742971887350e+00 1.161976772543668182e-19
4.504016064257028162e+00 3.543966003822057773e-19
4.524096385542168974e+00 1.028851556109597492e-18
4.544176706827309786e+00 2.849405400476696178e-18
4.564257028112449710e+00 7.544276578382240188e-18
4.584337349397590522e+00 1.913482300174252941e-17
4.604417670682730446e+00 4.658182503237778648e-17
4.624497991967871258e+00 1.090428826341243045e-16
4.644578313253012070e+00 2.458861507380375957e-16
4.664658634538152882e+00 5.350065459963654624e-16
4.684738955823293693e+00 1.125049295004200032e-15
4.704819277108433617e+00 2.290017809146758662e-15
4.724899598393574429e+00 4.518540187006617815e-15
4.744979919678714353e+00 8.654811635648983656e-15
4.765060240963855165e+00 1.611379551691748980e-14
4.785140562248995977e+00 2.919933923236014426e-14
4.805220883534136789e+00 5.155990880722785985e-14
4.825301204819277601e+00 8.882191449330204050e-14
4.845381526104417524e+00 1.494441614565876374e-13
4.865461847389558336e+00 2.458377905058126618e-13
4.885542168674698260e+00 3.957931576493175994e-13
4.905622489959839072e+00 6.242476664153583083e-13
4.925702811244979884e+00 9.654160772811945898e-13
4.945783132530120696e+00 1.465287305924156441e-12
4.965863453815261508e+00 2.184470073628496905e-12
4.985943775100401432e+00 3.201343320490185521e-12
5.006024096385542244e+00 4.615440070833072428e-12
5.026104417670682167e+00 6.550966360512082459e-12
5.046184738955822979e+00 9.160331208143348663e-12
5.066265060240963791e+00 1.262754374281217517e-11
5.086345381526104603e+00 1.717133347871104130e-11
5.106425702811245415e+00 2.304781515826424625e-11
5.126506024096385339e+00 3.055252607679811519e-11
5.146586345381526151e+00 4.002170002259405089e-11
5.166666666666666963e+00 5.183264216898639170e-11
5.186746987951806886e+00 6.640310150484666619e-11
5.206827309236947698e+00 8.418958360615846394e-11
5.226907630522088510e+00 1.056848279989645756e-10
5.246987951807229322e+00 1.314141743638909500e-10
5.267068273092369246e+00 1.619306546467375269e-10
5.287148594377510058e+00 1.978092654354634388e-10
5.307228915662650870e+00 2.396404218076162044e-10
5.327309236947790794e+00 2.880227196127711878e-10
5.347389558232931606e+00 3.435551948966416103e-10
5.367469879518072418e+00 4.068292520176432844e-10
5.387550200803213230e+00 4.784218232601072147e-10
5.407630522088353153e+00 5.588904133920288301e-10
5.427710843373493965e+00 6.487638685144988196e-10
5.447791164658634777e+00 7.485347222246022040e-10
5.467871485943774701e+00 8.586526094202467607e-10
5.487951807228915513e+00 9.795181541515694234e-10
5.508032128514056325e+00 1.111477510431786051e-09
5.528112449799197137e+00 1.254817634811293349e-09
5.548192771084337949e+00 1.409761542005365117e-09
5.568273092369477872e+00 1.576463981626818075e-09
5.588353413654618684e+00 1.755013422900237561e-09
5.608433734939758608e+00 1.945448829614047553e-09
5.628514056224899420e+00 2.147753135426077589e-09
5.648594377510040232e+00 2.361847757716262293e-09
5.668674698795181044e+00 2.587593482728487043e-09
5.688755020080321856e+00 2.824787633334465254e-09
5.708835341365461780e+00 3.073158166782190572e-09
5.728915662650602592e+00 3.332373994316258144e-09
5.748995983935742515e+00 3.602049511339301028e-09
5.769076305220883327e+00 3.881747805656410213e-09
5.789156626506024139e+00 4.170984125777233871e-09
5.809236947791164951e+00 4.469229563092699670e-09
5.829317269076305763e+00 4.775914905684858537e-09
5.849397590361445687e+00 5.090430372173787597e-09
5.869477911646586499e+00 5.412126401648201722e-09
5.889558232931726423e+00 5.740353831319190365e-09
5.909638554216867234e+00 6.074451767350463646e-09
5.929718875502008046e+00 6.413749172154136646e-09
5.949799196787148858e+00 6.757568608438358767e-09
5.969879518072289670e+00 7.105229632391555842e-09
5.989959839357429594e+00 7.456051846160258909e-09
6.010040160642570406e+00 7.809357628063507316e-09
6.030120481927710330e+00 8.164474565058087932e-09
6.050200803212851142e+00 8.520734616895045332e-09
6.070281124497991954e+00 8.877399176004867401e-09
6.090361445783132766e+00 9.233657074970796841e-09
6.110441767068273577e+00 9.588712559262249914e-09
6.130522088353413501e+00 9.941793612929899379e-09
6.150602409638554313e+00 1.029215532640708128e-08
6.170682730923694237e+00 1.063908273164205732e-08
6.190763052208835049e+00 1.098189313451419147e-08
6.210843373493975861e+00 1.131993797926829774e-08
6.230923694779116673e+00 1.165260428266554496e-08
6.251004016064257485e+00 1.197932882863537139e-08
6.271084337349397408e+00 1.229965509097309067e-08
6.291164658634538220e+00 1.261318886318840225e-08
6.311244979919678144e+00 1.291957507346947996e-08
6.331325301204818956e+00 1.321844777926630943e-08
6.351405622489959768e+00 1.350929984790621813e-08
6.371485943775100580e+00 1.379163486675570691e-08
6.391566265060241392e+00 1.406501230465167615e-08
6.411646586345381316e+00 1.432904646969250972e-08
6.431726907630522128e+00 1.458340496446760712e-08
6.451807228915662051e+00 1.482780672533011836e-08
6.471887550200802863e+00 1.506201972862387121e-08
6.491967871485943675e+00 1.528585844166687736e-08
6.512048192771084487e+00 1.549918109012394177e-08
6.532128514056225299e+00 1.570188680649270364e-08
6.552208835341365223e+00 1.589391271708242799e-08
6.572289156626506035e+00 1.607523101734539266e-08
6.592369477911645959e+00 1.624584607795512144e-08
6.612449799196786770e+00 1.640579161680287832e-08
6.632530120481927582e+00 1.655512796525354660e-08
6.652610441767068394e+00 1.669393945067878625e-08
6.672690763052209206e+00 1.682233191154802197e-08
6.692771084337350018e+00 1.694043035625400707e-08
6.712851405622489942e+00 1.704837117625044758e-08
6.732931726907629866e+00 1.714619216947370867e-08
6.753012048192770678e+00 1.723385298887798769e-08
6.773092369477911490e+00 1.731134708970393247e-08
6.793172690763052302e+00 1.737870402314902457e-08
6.813253012048193114e+00 1.743598706107174775e-08
6.833333333333333925e+00 1.748329073473918704e-08
6.853413654618473849e+00 1.752073832286622961e-08
6.873493975903614661e+00 1.754847932103172712e-08
6.893574297188754585e+00 1.756668692125572819e-08
6.913654618473895397e+00 1.757555552715974115e-08
6.933734939759036209e+00 1.757529832677513929e-08
6.953815261044177021e+00 1.756614494177417749e-08
6.973895582329317833e+00 1.754834430353568255e-08
6.993975903614457756e+00 1.752218131623510984e-08
7.014056224899598568e+00 1.748795700887035106e-08
7.034136546184738492e+00 1.744597907275452133e-08
7.054216867469879304e+00 1.739655976897021737e-08
7.074297188755020116e+00 1.734001399224391411e-08
7.094377510040160928e+00 1.727665749406011012e-08
7.114457831325301740e+00 1.720680526666951720e-08
7.134538152610441664e+00 1.713077008764438748e-08
7.154618473895582476e+00 1.704886122283268772e-08
7.174698795180722399e+00 1.696138328396622241e-08
7.194779116465863211e+00 1.686863523578493169e-08
7.214859437751004023e+00 1.677090954635202287e-08
7.234939759036144835e+00 1.666849147324720909e-08
7.255020080321285647e+00 1.656165847753302845e-08
7.275100401606425571e+00 1.645067975678593086e-08
7.295180722891566383e+00 1.633581588805785524e-08
7.315261044176706307e+00 1.621731857137626314e-08
7.335341365461847118e+00 1.609543046428740295e-08
7.355421686746987930e+00 1.597038509798498347e-08
7.375502008032128742e+00 1.584240686572915566e-08
7.395582329317269554e+00 1.571171107453417370e-08
7.415662650602409478e+00 1.557850405146921336e-08
7.435742971887550290e+00 1.544298140633900142e-08
7.455823293172690214e+00 1.530529698873259811e-08
7.475903614457831026e+00 1.516557285849884927e-08
7.495983935742971838e+00 1.502393047442889464e-08
7.516064257028112650e+00 1.488049152122708679e-08
7.536144578313252573e+00 1.473537766889577944e-08
7.556224899598393385e+00 1.458871032252901616e-08
7.576305220883534197e+00 1.444061036671353908e-08
7.596385542168675009e+00 1.429119790847937778e-08
7.616465863453814933e+00 1.414059202242794485e-08
7.636546184738955745e+00 1.398891050130758228e-08
7.656626506024096557e+00 1.383626961492155130e-08
7.676706827309237369e+00 1.368278387985336083e-08
7.696787148594377292e+00 1.352856584209237138e-08
7.716867469879518104e+00 1.337372587424787220e-08
7.736947791164658916e+00 1.321837198866073927e-08
7.757028112449798840e+00 1.306260966736405437e-08
7.777108433734939652e+00 1.290654170951417568e-08
7.797188755020080464e+00 1.275026809661276267e-08
7.817269076305221276e+00 1.259388587557223337e-08
7.837349397590361200e+00 1.243748905944137038e-08
7.857429718875502012e+00 1.228116854540561145e-08
7.877510040160642824e+00 1.212501204950584470e-08
7.897590361445782747e+00 1.196910405737970714e-08
7.917670682730923559e+00 1.181352579021828997e-08
7.937751004016064371e+00 1.165835518504653822e-08
7.957831325301205183e+00 1.150366688837452045e-08
7.977911646586345107e+00 1.134953226222816766e-08
7.997991967871485919e+00 1.119601940154721423e-08
8.018072289156627619e+00 1.104319316193416935e-08
8.038152610441766655e+00 1.089111519674844405e-08
8.058232931726907466e+00 1.073984400256050164e-08
8.078313253012048278e+00 1.058943497201310937e-08
8.098393574297189090e+00 1.043994045317407355e-08
8.118473895582329902e+00 1.029140981451003263e-08
8.138554216867468938e+00 1.014388951465932217e-08
8.158634538152611526e+00 9.997423176232845470e-09
8.178714859437750562e+00 9.852051662926047258e-09
8.198795180722891374e+00 9.707813159277355801e-09
8.218875502008032186e+00 9.564743252463696243e-09
8.238955823293172998e+00 9.422875015574971442e-09
8.259036144578313809e+00 9.282239091861608299e-09
8.279116465863452845e+00 9.142863779498342554e-09
8.299196787148595433e+00 9.004775116454238374e-09
8.319277108433734469e+00 8.867996965104687159e-09
8.339357429718875281e+00 8.732551096261666760e-09
8.359437751004016093e+00 8.598457272339866622e-09
8.379518072289156905e+00 8.465733329410781085e-09
8.399598393574297717e+00 8.334395257932810781e-09
8.419678714859436752e+00 8.204457281974866311e-09
8.439759036144579341e+00 8.075931936780611200e-09
8.459839357429718376e+00 7.948830144546259450e-09
8.479919678714859188e+00 7.823161288307502707e-09
8.500000000000000000e+00 7.698933283854326375e-09
