# log10(T) rate(cm^3/s)
# Collisional Rates
3.500000000000000000e+00 3.945961341221543961e-75
3.520080321285140368e+00 3.600835522662204652e-72
3.540160642570281180e+00 2.417638966595966680e-69
3.560240963855421548e+00 1.210989540519351494e-66
3.580321285140562360e+00 4.585652291677711308e-64
3.600401606425702727e+00 1.329428097600746643e-61
3.620481927710843539e+00 2.986584223718406085e-59
3.640562248995983907e+00 5.259412167403115987e-57
3.660642570281124719e+00 7.340614049499786754e-55
3.680722891566265087e+00 8.205869870485840952e-53
3.700803212851405455e+00 7.421164653341715948e-51
3.720883534136546267e+00 5.481962197722142570e-49
3.740963855421686635e+00 3.338027526776220887e-47
3.761044176706827447e+00 1.690159280798687209e-45
3.781124497991967814e+00 7.175824323192332412e-44
3.801204819277108626e+00 2.575024764827298989e-42
3.821285140562248994e+00 7.869719951122828994e-41
3.841365461847389362e+00 2.063284271194186730e-39
3.861445783132530174e+00 4.672959788969584723e-38
3.881526104417670542e+00 9.203086563957466109e-37
3.901606425702811354e+00 1.586094046596122239e-35
3.921686746987951722e+00 2.406577494389339749e-34
3.941767068273092534e+00 3.233325473432122584e-33
3.961847389558232901e+00 3.867833901752009652e-32
3.981927710843373269e+00 4.141305677387617970e-31
4.002008032128514081e+00 3.988752364567538467e-30
4.022088353413654893e+00 3.472546247611859136e-29
4.042168674698794817e+00 2.745093311576510752e-28
4.062248995983935629e+00 1.979071749440538796e-27
4.082329317269076441e+00 1.306691088507048852e-26
4.102409638554217253e+00 7.932701583952730841e-26
4.122489959839357176e+00 4.444857666066265679e-25
4.142570281124497988e+00 2.307067770104657518e-24
4.162650602409638800e+00 1.113101078594242827e-23
4.182730923694778724e+00 5.008626379339474553e-23
4.202811244979919536e+00 2.108558029867634951e-22
4.222891566265060348e+00 8.330028429534441692e-22
4.242971887550201160e+00 3.097086481921821215e-21
4.263052208835341084e+00 1.086679544026353867e-20
4.283132530120481896e+00 3.607716159521198710e-20
4.303212851405622708e+00 1.136150292711656950e-19
4.323293172690762631e+00 3.402141433706099025e-19
4.343373493975903443e+00 9.709026280047771972e-19
4.363453815261044255e+00 2.646393274928003695e-18
4.383534136546185067e+00 6.903896151720334784e-18
4.403614457831324991e+00 1.727269332626098906e-17
4.423694779116465803e+00 4.152192404892578656e-17
4.443775100401606615e+00 9.608038502242386919e-17
4.463855421686746539e+00 2.143800685492441019e-16
4.483935742971887350e+00 4.620031236650145778e-16
4.504016064257028162e+00 9.631680981728993158e-16
4.524096385542168974e+00 1.945407713439842778e-15
4.544176706827309786e+00 3.812373887908823764e-15
4.564257028112449710e+00 7.258604987287855919e-15
4.584337349397590522e+00 1.344475878887345515e-14
4.604417670682730446e+00 2.425707547140398007e-14
4.624497991967871258e+00 4.268035567558849415e-14
4.644578313253012070e+00 7.331902458148136001e-14
4.664658634538152882e+00 1.231052648574573586e-13
4.684738955823293693e+00 2.022360014431621761e-13
4.704819277108433617e+00 3.253809448207355353e-13
4.724899598393574429e+00 5.132012462048253633e-13
4.744979919678714353e+00 7.942120500942966486e-13
4.765060240963855165e+00 1.207012063675527354e-12
4.785140562248995977e+00 1.802889240910272572e-12
4.805220883534136789e+00 2.648794207476942573e-12
4.825301204819277601e+00 3.830652897398450833e-12
4.845381526104417524e+00 5.456968119653337215e-12
4.865461847389558336e+00 7.662637731822019481e-12
4.885542168674698260e+00 1.061289621255451352e-11
4.905622489959839072e+00 1.450726809482013356e-11
4.925702811244979884e+00 1.958340739005578106e-11
4.945783132530120696e+00 2.612068774288190137e-11
4.965863453815261508e+00 3.444340425765770052e-11
4.985943775100401432e+00 4.492345033523573220e-11
5.006024096385542244e+00 5.798234012942658189e-11
5.026104417670682167e+00 7.409246414842798393e-11
5.046184738955822979e+00 9.377748391451045058e-11
5.066265060240963791e+00 1.176117923501983591e-10
5.086345381526104603e+00 1.462189945714678990e-10
5.106425702811245415e+00 1.802693797087728599e-10
5.126506024096385339e+00 2.204763845986403327e-10
5.146586345381526151e+00 2.675921410868649424e-10
5.166666666666666963e+00 3.224021250309919743e-10
5.186746987951806886e+00 3.857189964404211008e-10
5.206827309236947698e+00 4.583757378536320255e-10
5.226907630522088510e+00 5.412181222530534789e-10
5.246987951807229322e+00 6.350964639358015146e-10
5.267068273092369246e+00 7.408575031599714840e-10
5.287148594377510058e+00 8.593360542706851479e-10
5.307228915662650870e+00 9.913465542600242336e-10
5.327309236947790794e+00 1.137674717354859204e-09
5.347389558232931606e+00 1.299069423908511364e-09
5.367469879518072418e+00 1.476234442200153096e-09
5.387550200803213230e+00 1.669818646262017871e-09
5.407630522088353153e+00 1.880410264400791982e-09
5.427710843373493965e+00 2.108531431602100283e-09
5.447791164658634777e+00 2.354632787418587255e-09
5.467871485943774701e+00 2.619088861875198378e-09
5.487951807228915513e+00 2.902194278078992063e-09
5.508032128514056325e+00 3.204160787256939873e-09
5.528112449799197137e+00 3.525114619208531198e-09
5.548192771084337949e+00 3.865085653797723708e-09
5.568273092369477872e+00 4.224005834898186404e-09
5.588353413654618684e+00 4.601716762526541444e-09
5.608433734939758608e+00 4.997971339466569868e-09
5.628514056224899420e+00 5.412435917221968918e-09
5.648594377510040232e+00 5.844692945932074761e-09
5.668674698795181044e+00 6.294244439405857982e-09
5.688755020080321856e+00 6.760516225581217810e-09
5.708835341365461780e+00 7.242862473556803418e-09
5.728915662650602592e+00 7.740570463423633410e-09
5.748995983935742515e+00 8.252848345278550654e-09
5.769076305220883327e+00 8.778810104840933330e-09
5.789156626506024139e+00 9.317508869582008003e-09
5.809236947791164951e+00 9.867949099809144360e-09
5.829317269076305763e+00 1.042909379433791271e-08
5.849397590361445687e+00 1.099987156828216109e-08
5.869477911646586499e+00 1.157918365385144935e-08
5.889558232931726423e+00 1.216591071063778177e-08
5.909638554216867234e+00 1.275891554772099566e-08
5.929718875502008046e+00 1.335704642588480409e-08
5.949799196787148858e+00 1.395914996335943850e-08
5.969879518072289670e+00 1.456407776453622826e-08
5.989959839357429594e+00 1.517069183748845900e-08
6.010040160642570406e+00 1.577786145175723312e-08
6.030120481927710330e+00 1.638441386571654421e-08
6.050200803212851142e+00 1.698917041008539186e-08
6.070281124497991954e+00 1.759097459378371156e-08
6.090361445783132766e+00 1.818867848365986429e-08
6.110441767068273577e+00 1.878116455310221175e-08
6.130522088353413501e+00 1.936735813115403457e-08
6.150602409638554313e+00 1.994623090689858164e-08
6.170682730923694237e+00 2.051680386026333165e-08
6.190763052208835049e+00 2.107814964552951969e-08
6.210843373493975861e+00 2.162939445223931903e-08
6.230923694779116673e+00 2.216971937249984706e-08
6.251004016064257485e+00 2.269836130704974291e-08
6.271084337349397408e+00 2.321461086141342051e-08
6.291164658634538220e+00 2.371777656780322810e-08
6.311244979919678144e+00 2.420719795076826455e-08
6.331325301204818956e+00 2.468227699662639802e-08
6.351405622489959768e+00 2.514247808101727658e-08
6.371485943775100580e+00 2.558732669596400977e-08
6.391566265060241392e+00 2.601640748743333187e-08
6.411646586345381316e+00 2.642933192517718701e-08
6.431726907630522128e+00 2.682571547585689593e-08
6.451807228915662051e+00 2.720522436890878860e-08
6.471887550200802863e+00 2.756757943661134877e-08
6.491967871485943675e+00 2.791255461995421705e-08
6.512048192771084487e+00 2.823997531307716018e-08
6.532128514056225299e+00 2.854971651854070568e-08
6.552208835341365223e+00 2.884167725207281698e-08
6.572289156626506035e+00 2.911574443440518332e-08
6.592369477911645959e+00 2.937184960865836907e-08
6.612449799196786770e+00 2.960997715147959147e-08
6.632530120481927582e+00 2.983016141987526243e-08
6.652610441767068394e+00 3.003248378548841240e-08
6.672690763052209206e+00 3.021706958713655487e-08
6.692771084337350018e+00 3.038408503043828771e-08
6.712851405622489942e+00 3.053373406136617571e-08
6.732931726907629866e+00 3.066625523857276875e-08
6.753012048192770678e+00 3.078191862735538677e-08
6.773092369477911490e+00 3.088102273615179236e-08
6.793172690763052302e+00 3.096389151450034579e-08
6.813253012048193114e+00 3.103087142945546198e-08
6.833333333333333925e+00 3.108232863552506690e-08
6.853413654618473849e+00 3.111864625129999985e-08
6.873493975903614661e+00 3.114022175407562803e-08
6.893574297188754585e+00 3.114746450193649442e-08
6.913654618473895397e+00 3.114079339098846052e-08
6.933734939759036209e+00 3.112063134724760481e-08
6.953815261044177021e+00 3.108736674867987200e-08
6.973895582329317833e+00 3.104137082587053579e-08
6.993975903614457756e+00 3.098302543102643807e-08
7.014056224899598568e+00 3.091272136526900959e-08
7.034136546184738492e+00 3.083085626346392082e-08
7.054216867469879304e+00 3.073783261983455687e-08
7.074297188755020116e+00 3.063405595881996418e-08
7.094377510040160928e+00 3.051993315342572452e-08
7.114457831325301740e+00 3.039587073310031362e-08
7.134538152610441664e+00 3.026226405869235027e-08
7.154618473895582476e+00 3.011949129719033151e-08
7.174698795180722399e+00 2.996792669023743131e-08
7.194779116465863211e+00 2.980794109164782241e-08
7.214859437751004023e+00 2.963990127521610980e-08
7.234939759036144835e+00 2.946416933693899867e-08
7.255020080321285647e+00 2.928110218284721763e-08
7.275100401606425571e+00 2.909105109378248731e-08
7.295180722891566383e+00 2.889436135874269927e-08
7.315261044176706307e+00 2.869137196883149844e-08
7.335341365461847118e+00 2.848241536435645978e-08
7.355421686746987930e+00 2.826781722819688643e-08
7.375502008032128742e+00 2.804789631918387594e-08
7.395582329317269554e+00 2.782296433987660114e-08
7.415662650602409478e+00 2.759332583376511120e-08
7.435742971887550290e+00 2.735927810755938655e-08
7.455823293172690214e+00 2.712111117482844811e-08
7.475903614457831026e+00 2.687910771781670436e-08
7.495983935742971838e+00 2.663354306478550890e-08
7.516064257028112650e+00 2.638468518069406765e-08
7.536144578313252573e+00 2.613279466944950903e-08
7.556224899598393385e+00 2.587812478631522843e-08
7.576305220883534197e+00 2.562092145937356160e-08
7.596385542168675009e+00 2.536142331919325591e-08
7.616465863453814933e+00 2.509986173606121708e-08
7.636546184738955745e+00 2.483646086430027230e-08
7.656626506024096557e+00 2.457143668722390166e-08
7.676706827309237369e+00 2.430498733181752130e-08
7.696787148594377292e+00 2.403729902899485244e-08
7.716867469879518104e+00 2.376855354672422754e-08
7.736947791164658916e+00 2.349892817744355675e-08
7.757028112449798840e+00 2.322859561890385885e-08
7.777108433734939652e+00 2.295772386518461571e-08
7.797188755020080464e+00 2.268647610920592797e-08
7.817269076305221276e+00 2.241501065776690182e-08
7.837349397590361200e+00 2.214348085985520228e-08
7.857429718875502012e+00 2.187203504871260356e-08
7.877510040160642824e+00 2.160081649790135219e-08
7.897590361445782747e+00 2.132996339140271286e-08
7.917670682730923559e+00 2.105960880759059545e-08
7.937751004016064371e+00 2.078988071675981698e-08
7.957831325301205183e+00 2.052090199175151453e-08
7.977911646586345107e+00 2.025279043110366074e-08
7.997991967871485919e+00 1.998565879406412366e-08
8.018072289156627619e+00 1.971961484673297179e-08
8.038152610441766655e+00 1.945476141855028083e-08
8.058232931726907466e+00 1.919119646831021875e-08
8.078313253012048278e+00 1.892901315886550378e-08
8.098393574297189090e+00 1.866829993967847436e-08
8.118473895582329902e+00 1.840914063638241900e-08
8.138554216867468938e+00 1.815161454653121287e-08
8.158634538152611526e+00 1.789579654073862851e-08
8.178714859437750562e+00 1.764175716843931625e-08
8.198795180722891374e+00 1.738956276753616707e-08
8.218875502008032186e+00 1.713927557723914340e-08
8.238955823293172998e+00 1.689095385344092397e-08
8.259036144578313809e+00 1.664465198601714311e-08
8.279116465863452845e+00 1.640042061748343801e-08
8.299196787148595433e+00 1.615830676248528467e-08
8.319277108433734469e+00 1.591835392764002442e-08
8.339357429718875281e+00 1.568060223129274435e-08
8.359437751004016093e+00 1.544508852279034499e-08
8.379518072289156905e+00 1.521184650091655569e-08
8.399598393574297717e+00 1.498090683116962497e-08
8.419678714859436752e+00 1.475229726160024853e-08
8.439759036144579341e+00 1.452604273696121659e-08
8.459839357429718376e+00 1.430216551095294774e-08
8.479919678714859188e+00 1.408068525637701517e-08
8.500000000000000000e+00 1.386161917303979463e-08
