# log10(T) rate(cm^3/s)
# Collisional Rates
3.500000000000000000e+00 0.000000000000000000e+00
3.520080321285140368e+00 0.000000000000000000e+00
3.540160642570281180e+00 0.000000000000000000e+00
3.560240963855421548e+00 0.000000000000000000e+00
3.580321285140562360e+00 0.000000000000000000e+00
3.600401606425702727e+00 0.000000000000000000e+00
3.620481927710843539e+00 0.000000000000000000e+00
3.640562248995983907e+00 0.000000000000000000e+00
3.660642570281124719e+00 0.000000000000000000e+00
3.680722891566265087e+00 0.000000000000000000e+00
3.700803212851405455e+00 0.000000000000000000e+00
3.720883534136546267e+00 0.000000000000000000e+00
3.740963855421686635e+00 0.000000000000000000e+00
3.761044176706827447e+00 0.000000000000000000e+00
3.781124497991967814e+00 0.000000000000000000e+00
3.801204819277108626e+00 0.000000000000000000e+00
3.821285140562248994e+00 0.000000000000000000e+00
3.841365461847389362e+00 0.000000000000000000e+00
3.861445783132530174e+00 0.000000000000000000e+00
3.881526104417670542e+00 0.000000000000000000e+00
3.901606425702811354e+00 0.000000000000000000e+00
3.921686746987951722e+00 0.000000000000000000e+00
3.941767068273092534e+00 0.000000000000000000e+00
3.961847389558232901e+00 0.000000000000000000e+00
3.981927710843373269e+00 0.000000000000000000e+00
4.002008032128514081e+00 0.000000000000000000e+00
4.022088353413654893e+00 0.000000000000000000e+00
4.042168674698794817e+00 0.000000000000000000e+00
4.062248995983935629e+00 0.000000000000000000e+00
4.082329317269076441e+00 0.000000000000000000e+00
4.102409638554217253e+00 0.000000000000000000e+00
4.122489959839357176e+00 0.000000000000000000e+00
4.142570281124497988e+00 0.000000000000000000e+00
4.162650602409638800e+00 0.000000000000000000e+00
4.182730923694778724e+00 0.000000000000000000e+00
4.202811244979919536e+00 0.000000000000000000e+00
4.222891566265060348e+00 0.000000000000000000e+00
4.242971887550201160e+00 0.000000000000000000e+00
4.263052208835341084e+00 0.000000000000000000e+00
4.283132530120481896e+00 0.000000000000000000e+00
4.303212851405622708e+00 7.976575347640590234e-312
4.323293172690762631e+00 2.877466164075251866e-298
4.343373493975903443e+00 2.535623968162481887e-285
4.363453815261044255e+00 5.816987715193518587e-273
4.383534136546185067e+00 3.691970539512496181e-261
4.403614457831324991e+00 6.870367397700226742e-250
4.423694779116465803e+00 3.962222916909583930e-239
4.443775100401606615e+00 7.466598030222070529e-229
4.463855421686746539e+00 4.835936451663753253e-219
4.483935742971887350e+00 1.129716876830595076e-209
4.504016064257028162e+00 9.967820085394036915e-201
4.524096385542168974e+00 3.471190693361942744e-192
4.544176706827309786e+00 4.975621359963508837e-184
4.564257028112449710e+00 3.055802661469837207e-176
4.584337349397590522e+00 8.354951331592599370e-169
4.604417670682730446e+00 1.054831761453682159e-161
4.624497991967871258e+00 6.368037384470192351e-155
4.644578313253012070e+00 1.900590284432091239e-148
4.664658634538152882e+00 2.895043547084363618e-142
4.684738955823293693e+00 2.320085495827450144e-136
4.704819277108433617e+00 1.007018350594967450e-130
4.724899598393574429e+00 2.433817818321661484e-125
4.744979919678714353e+00 3.363141233367387670e-120
4.765060240963855165e+00 2.725074835823502338e-115
4.785140562248995977e+00 1.326362684872800900e-110
4.805220883534136789e+00 3.968237424600737490e-106
4.825301204819277601e+00 7.459909298451809747e-102
4.845381526104417524e+00 8.998861302032772958e-98
4.865461847389558336e+00 7.106655430047128645e-94
4.885542168674698260e+00 3.745233083318713676e-90
4.905622489959839072e+00 1.341420483919017139e-86
4.925702811244979884e+00 3.322779139099465907e-83
4.945783132530120696e+00 5.787939928081859993e-80
4.965863453815261508e+00 7.203459796236860767e-77
4.985943775100401432e+00 6.503531372924034820e-74
5.006024096385542244e+00 4.321620673847608390e-71
5.026104417670682167e+00 2.143122817988008467e-68
5.046184738955822979e+00 8.036971794168672009e-66
5.066265060240963791e+00 2.308156643902969782e-63
5.086345381526104603e+00 5.138073317720517405e-61
5.106425702811245415e+00 8.968001529774301120e-59
5.126506024096385339e+00 1.240862656310448358e-56
5.146586345381526151e+00 1.375438137594649355e-54
5.166666666666666963e+00 1.233668391605154485e-52
5.186746987951806886e+00 9.039615253184498973e-51
5.206827309236947698e+00 5.460871534796879975e-49
5.226907630522088510e+00 2.743605086618135855e-47
5.246987951807229322e+00 1.155965392719571586e-45
5.267068273092369246e+00 4.117031666495573263e-44
5.287148594377510058e+00 1.248924648122471264e-42
5.307228915662650870e+00 3.250487094891550673e-41
5.327309236947790794e+00 7.308463912372860006e-40
5.347389558232931606e+00 1.429021169391604814e-38
5.367469879518072418e+00 2.445264630030663607e-37
5.387550200803213230e+00 3.683864433259068951e-36
5.407630522088353153e+00 4.914390583596292571e-35
5.427710843373493965e+00 5.837256135078647305e-34
5.447791164658634777e+00 6.205801507013611488e-33
5.467871485943774701e+00 5.934869028015000246e-32
5.487951807228915513e+00 5.130082312912402979e-31
5.508032128514056325e+00 4.026423378115806146e-30
5.528112449799197137e+00 2.881965917553540723e-29
5.548192771084337949e+00 1.889032282776046216e-28
5.568273092369477872e+00 1.138403498546522641e-27
5.588353413654618684e+00 6.331499022561286523e-27
5.608433734939758608e+00 3.261692859901571361e-26
5.628514056224899420e+00 1.561735190807499923e-25
5.648594377510040232e+00 6.973218580122264682e-25
5.668674698795181044e+00 2.912658895317164752e-24
5.688755020080321856e+00 1.141519857889726369e-23
5.708835341365461780e+00 4.209812464012863887e-23
5.728915662650602592e+00 1.464937113129005886e-22
5.748995983935742515e+00 4.822695202535464945e-22
5.769076305220883327e+00 1.505779781866961656e-21
5.789156626506024139e+00 4.469624314707306424e-21
5.809236947791164951e+00 1.264179374308309947e-20
5.829317269076305763e+00 3.414443519416423579e-20
5.849397590361445687e+00 8.824851416517399821e-20
5.869477911646586499e+00 2.186920369512730500e-19
5.889558232931726423e+00 5.206184132098307482e-19
5.909638554216867234e+00 1.192759097683943032e-18
5.929718875502008046e+00 2.634406255075182520e-18
5.949799196787148858e+00 5.618569610016033051e-18
5.969879518072289670e+00 1.158952399399933431e-17
5.989959839357429594e+00 2.315555116052598152e-17
6.010040160642570406e+00 4.487636502164523662e-17
6.030120481927710330e+00 8.447892399672001061e-17
6.050200803212851142e+00 1.546733244266565347e-16
6.070281124497991954e+00 2.757790568323606764e-16
6.090361445783132766e+00 4.794064452929728656e-16
6.110441767068273577e+00 8.134626799380090613e-16
6.130522088353413501e+00 1.348759851677351272e-15
6.150602409638554313e+00 2.187487205307294932e-15
6.170682730923694237e+00 3.473765852597703577e-15
6.190763052208835049e+00 5.406427877742882937e-15
6.210843373493975861e+00 8.254052514962997323e-15
6.230923694779116673e+00 1.237215284137564165e-14
6.251004016064257485e+00 1.822224393833911976e-14
6.271084337349397408e+00 2.639234794373174613e-14
6.291164658634538220e+00 3.761831576122504601e-14
6.311244979919678144e+00 5.280518384445093663e-14
6.331325301204818956e+00 7.304765194677375778e-14
6.351405622489959768e+00 9.964867710483729354e-14
6.371485943775100580e+00 1.341351406817680149e-13
6.391566265060241392e+00 1.782695654227887557e-13
6.411646586345381316e+00 2.340569400216168940e-13
6.431726907630522128e+00 3.037458468036926478e-13
6.451807228915662051e+00 3.898232765531326463e-13
6.471887550200802863e+00 4.950027423335250742e-13
6.491967871485943675e+00 6.222055578410941169e-13
6.512048192771084487e+00 7.745354104294497228e-13
6.532128514056225299e+00 9.552466193304245790e-13
6.552208835341365223e+00 1.167706711616346337e-12
6.572289156626506035e+00 1.415354159893869739e-12
6.592369477911645959e+00 1.701652297017451505e-12
6.612449799196786770e+00 2.030040547749477445e-12
6.632530120481927582e+00 2.403884191947985672e-12
6.652610441767068394e+00 2.826423898275489796e-12
6.672690763052209206e+00 3.300726244068256796e-12
6.692771084337350018e+00 3.829636370621579289e-12
6.712851405622489942e+00 4.415733820160888801e-12
6.732931726907629866e+00 5.061292468711215151e-12
6.753012048192770678e+00 5.768245316004144984e-12
6.773092369477911490e+00 6.538154727542189631e-12
6.793172690763052302e+00 7.372188552622759788e-12
6.813253012048193114e+00 8.271102372402644722e-12
6.833333333333333925e+00 9.235227969868579477e-12
6.853413654618473849e+00 1.026446796365622948e-11
6.873493975903614661e+00 1.135829641364560812e-11
6.893574297188754585e+00 1.251576509062324102e-11
6.913654618473895397e+00 1.373551500644562232e-11
6.933734939759036209e+00 1.501579272550944040e-11
6.953815261044177021e+00 1.635447092259006948e-11
6.973895582329317833e+00 1.774907261523890074e-11
6.993975903614457756e+00 1.919679847944608275e-11
7.014056224899598568e+00 2.069455665333433305e-11
7.034136546184738492e+00 2.223899444320183399e-11
7.054216867469879304e+00 2.382653136713862918e-11
7.074297188755020116e+00 2.545339300155188511e-11
7.094377510040160928e+00 2.711564513320493848e-11
7.114457831325301740e+00 2.880922776187034909e-11
7.134538152610441664e+00 3.052998854468880740e-11
7.154618473895582476e+00 3.227371532127386846e-11
7.174698795180722399e+00 3.403616740718795766e-11
7.194779116465863211e+00 3.581310539154318939e-11
7.214859437751004023e+00 3.760031922124532767e-11
7.234939759036144835e+00 3.939365439911692854e-11
7.255020080321285647e+00 4.118903616526478108e-11
7.275100401606425571e+00 4.298249157023605142e-11
7.295180722891566383e+00 4.477016938448486256e-11
7.315261044176706307e+00 4.654835782130895344e-11
7.335341365461847118e+00 4.831350007966407496e-11
7.355421686746987930e+00 5.006220773912189247e-11
7.375502008032128742e+00 5.179127206177645939e-11
7.395582329317269554e+00 5.349767327520306441e-11
7.415662650602409478e+00 5.517858792675900792e-11
7.435742971887550290e+00 5.683139441271303855e-11
7.455823293172690214e+00 5.845367679604745190e-11
7.475903614457831026e+00 6.004322703444886910e-11
7.495983935742971838e+00 6.159804574515056038e-11
7.516064257028112650e+00 6.311634163609113630e-11
7.536144578313252573e+00 6.459652973349232191e-11
7.556224899598393385e+00 6.603722853463402484e-11
7.576305220883534197e+00 6.743725621153064045e-11
7.596385542168675009e+00 6.879562598661326386e-11
7.616465863453814933e+00 7.011154079563780004e-11
7.636546184738955745e+00 7.138438734611296623e-11
7.656626506024096557e+00 7.261372967183098427e-11
7.676706827309237369e+00 7.379930227583643316e-11
7.696787148594377292e+00 7.494100294563169871e-11
7.716867469879518104e+00 7.603888531582737991e-11
7.736947791164658916e+00 7.709315124501496094e-11
7.757028112449798840e+00 7.810414306556512805e-11
7.777108433734939652e+00 7.907233575749470616e-11
7.797188755020080464e+00 7.999832909063507789e-11
7.817269076305221276e+00 8.088283977316919544e-11
7.837349397590361200e+00 8.172669363924089517e-11
7.857429718875502012e+00 8.253081790380836087e-11
7.877510040160642824e+00 8.329623350919851941e-11
7.897590361445782747e+00 8.402404758489010646e-11
7.917670682730923559e+00 8.471544603983448565e-11
7.937751004016064371e+00 8.537168630503855663e-11
7.957831325301205183e+00 8.599409024307636833e-11
7.977911646586345107e+00 8.658403724055241714e-11
7.997991967871485919e+00 8.714295749919742828e-11
8.018072289156627619e+00 8.767232554111669995e-11
8.038152610441766655e+00 8.817365394362507601e-11
8.058232931726907466e+00 8.864848731898550243e-11
8.078313253012048278e+00 8.909839655413647308e-11
8.098393574297189090e+00 8.952497332507018016e-11
8.118473895582329902e+00 8.992982489985278023e-11
8.138554216867468938e+00 9.031456924332288391e-11
8.158634538152611526e+00 9.068083043524167303e-11
8.178714859437750562e+00 9.103023441209469975e-11
8.198795180722891374e+00 9.136440504087702827e-11
8.218875502008032186e+00 9.168496053104961149e-11
8.238955823293172998e+00 9.199351018848732687e-11
8.259036144578313809e+00 9.229165151268699786e-11
8.279116465863452845e+00 9.258096763583078357e-11
8.299196787148595433e+00 9.286302509957333755e-11
8.319277108433734469e+00 9.313937196269579615e-11
8.339357429718875281e+00 9.341153623012611689e-11
8.359437751004016093e+00 9.368102459131361810e-11
8.379518072289156905e+00 9.394932145363581121e-11
8.399598393574297717e+00 9.421788825445306818e-11
8.419678714859436752e+00 9.448816303365883948e-11
8.439759036144579341e+00 9.476156024713405032e-11
8.459839357429718376e+00 9.503947080042613413e-11
8.479919678714859188e+00 9.532326228125443255e-11
8.500000000000000000e+00 9.561427936908696970e-11
