# log10(T) rate(cm^3/s)
# Collisional Rates
3.500000000000000000e+00 0.000000000000000000e+00
3.520080321285140368e+00 0.000000000000000000e+00
3.540160642570281180e+00 0.000000000000000000e+00
3.560240963855421548e+00 0.000000000000000000e+00
3.580321285140562360e+00 0.000000000000000000e+00
3.600401606425702727e+00 1.114646543768745901e-313
3.620481927710843539e+00 5.259617267328408280e-300
3.640562248995983907e+00 5.989399401492765489e-287
3.660642570281124719e+00 1.755175196443337729e-274
3.680722891566265087e+00 1.407346969976352582e-262
3.700803212851405455e+00 3.273839199402432719e-251
3.720883534136546267e+00 2.336532222665757305e-240
3.740963855421686635e+00 5.396722472636696967e-230
3.761044176706827447e+00 4.244927322076484376e-220
3.781124497991967814e+00 1.193795639064694059e-210
3.801204819277108626e+00 1.257453307856200820e-201
3.821285140562248994e+00 5.185928829584280952e-193
3.841365461847389362e+00 8.736429169555855202e-185
3.861445783132530174e+00 6.260119392718653689e-177
3.881526104417670542e+00 1.983111881583922721e-169
3.901606425702811354e+00 2.881671674749413882e-162
3.921686746987951722e+00 1.989607834077999988e-155
3.941767068273092534e+00 6.750223924733879532e-149
3.961847389558232901e+00 1.162087443243107742e-142
3.981927710843373269e+00 1.046746714312136914e-136
4.002008032128514081e+00 5.079691015399533933e-131
4.022088353413654893e+00 1.365721867183333849e-125
4.042168674698794817e+00 2.089317808244196218e-120
4.062248995983935629e+00 1.865642444004643506e-115
4.082329317269076441e+00 9.963190251884538752e-111
4.102409638554217253e+00 3.256878903782628235e-106
4.122489959839357176e+00 6.662991477745556660e-102
4.142570281124497988e+00 8.713596493993516515e-98
4.162650602409638800e+00 7.433044227368851851e-94
4.182730923694778724e+00 4.216584967469651316e-90
4.202811244979919536e+00 1.620260368371323487e-86
4.222891566265060348e+00 4.292218319318944742e-83
4.242971887550201160e+00 7.971676953305987796e-80
4.263052208835341084e+00 1.054767039439270917e-76
4.283132530120481896e+00 1.009614520858918905e-73
4.303212851405622708e+00 7.094133656162908885e-71
4.323293172690762631e+00 3.710678970139876149e-68
4.343373493975903443e+00 1.464229129313007003e-65
4.363453815261044255e+00 4.414647584745064652e-63
4.383534136546185067e+00 1.029423754252964338e-60
4.403614457831324991e+00 1.878212349458888743e-58
4.423694779116465803e+00 2.711196253480449580e-56
4.443775100401606615e+00 3.129239833798611802e-54
4.463855421686746539e+00 2.917202322031367364e-52
4.483935742971887350e+00 2.217858936455607722e-50
4.504016064257028162e+00 1.387846603466687808e-48
4.524096385542168974e+00 7.211222568989572564e-47
4.544176706827309786e+00 3.137496835758023680e-45
4.564257028112449710e+00 1.152250488707153422e-43
4.584337349397590522e+00 3.599354079391206651e-42
4.604417670682730446e+00 9.633650584340736837e-41
4.624497991967871258e+00 2.224728156143018319e-39
4.644578313253012070e+00 4.462485762296163353e-38
4.664658634538152882e+00 7.824450355229316971e-37
4.684738955823293693e+00 1.206552723974783488e-35
4.704819277108433617e+00 1.645785910236345293e-34
4.724899598393574429e+00 1.996825757840887748e-33
4.744979919678714353e+00 2.166423144892151674e-32
4.765060240963855165e+00 2.112396117547684718e-31
4.785140562248995977e+00 1.860072754146092015e-30
4.805220883534136789e+00 1.485955780714500139e-29
4.825301204819277601e+00 1.081712213745139238e-28
4.845381526104417524e+00 7.205592354070218723e-28
4.865461847389558336e+00 4.409806878775227483e-27
4.885542168674698260e+00 2.488986392824486520e-26
4.905622489959839072e+00 1.300362892401400223e-25
4.925702811244979884e+00 6.310445260779879754e-25
4.945783132530120696e+00 2.854004416330758550e-24
4.965863453815261508e+00 1.206782202592387355e-23
4.985943775100401432e+00 4.785207240579689035e-23
5.006024096385542244e+00 1.784549369190640240e-22
5.026104417670682167e+00 6.276445809481402631e-22
5.046184738955822979e+00 2.087389468118650235e-21
5.066265060240963791e+00 6.581014875416419412e-21
5.086345381526104603e+00 1.971639811576367993e-20
5.106425702811245415e+00 5.626080443202011975e-20
5.126506024096385339e+00 1.532431623016513924e-19
5.146586345381526151e+00 3.992667170676000337e-19
5.166666666666666963e+00 9.970588507151783076e-19
5.186746987951806886e+00 2.391022614533577781e-18
5.206827309236947698e+00 5.516247725039909556e-18
5.226907630522088510e+00 1.226470645605769102e-17
5.246987951807229322e+00 2.632363039981157009e-17
5.267068273092369246e+00 5.462593399407772252e-17
5.287148594377510058e+00 1.097676765675471997e-16
5.307228915662650870e+00 2.138950914202329106e-16
5.327309236947790794e+00 4.047414566375710898e-16
5.347389558232931606e+00 7.446937474272441410e-16
5.367469879518072418e+00 1.333974632078100439e-15
5.387550200803213230e+00 2.329213169408064866e-15
5.407630522088353153e+00 3.968816674173163603e-15
5.427710843373493965e+00 6.606610884042451565e-15
5.447791164658634777e+00 1.075514787977802167e-14
5.467871485943774701e+00 1.713986878516801870e-14
5.487951807228915513e+00 2.676491774081756506e-14
5.508032128514056325e+00 4.099083665199763869e-14
5.528112449799197137e+00 6.162364185221653435e-14
5.548192771084337949e+00 9.101392460010086254e-14
5.568273092369477872e+00 1.321636639914284631e-13
5.588353413654618684e+00 1.888373627361140441e-13
5.608433734939758608e+00 2.656735278960121170e-13
5.628514056224899420e+00 3.682916296890033246e-13
5.648594377510040232e+00 5.033891275937825712e-13
5.668674698795181044e+00 6.788230098358449676e-13
5.688755020080321856e+00 9.036703858312658525e-13
5.708835341365461780e+00 1.188263114866284243e-12
5.728915662650602592e+00 1.544192073818176901e-12
5.748995983935742515e+00 1.984275019992063646e-12
5.769076305220883327e+00 2.522487844868892899e-12
5.789156626506024139e+00 3.173862360340710159e-12
5.809236947791164951e+00 3.954347110425887384e-12
5.829317269076305763e+00 4.880634839473074098e-12
5.849397590361445687e+00 5.969960481240122517e-12
5.869477911646586499e+00 7.239874446361904642e-12
5.889558232931726423e+00 8.707993337499791836e-12
5.909638554216867234e+00 1.039174475661804572e-11
5.929718875502008046e+00 1.230810654465144832e-11
5.949799196787148858e+00 1.447333714445742317e-11
5.969879518072289670e+00 1.690267442412408645e-11
5.989959839357429594e+00 1.961010747074834546e-11
6.010040160642570406e+00 2.260817436640267920e-11
6.030120481927710330e+00 2.590776125674756689e-11
6.050200803212851142e+00 2.951802880651336686e-11
6.070281124497991954e+00 3.344607139239329099e-11
6.090361445783132766e+00 3.769686181166695685e-11
6.110441767068273577e+00 4.227334520611281814e-11
6.130522088353413501e+00 4.717634688059655946e-11
6.150602409638554313e+00 5.240484659533265365e-11
6.170682730923694237e+00 5.795723503338727081e-11
6.190763052208835049e+00 6.382652921900323441e-11
6.210843373493975861e+00 7.000546826474375002e-11
6.230923694779116673e+00 7.648478347065166011e-11
6.251004016064257485e+00 8.325325865332908112e-11
6.271084337349397408e+00 9.029788920966944147e-11
6.291164658634538220e+00 9.762049773781716702e-11
6.311244979919678144e+00 1.051910575484438395e-10
6.331325301204818956e+00 1.129920674768524978e-10
6.351405622489959768e+00 1.210050313472721718e-10
6.371485943775100580e+00 1.292104481587241067e-10
6.391566265060241392e+00 1.375879713542093220e-10
6.411646586345381316e+00 1.461165598744157204e-10
6.431726907630522128e+00 1.548515186393383881e-10
6.451807228915662051e+00 1.637087758838295273e-10
6.471887550200802863e+00 1.726591059489298584e-10
6.491967871485943675e+00 1.816801620643296968e-10
6.512048192771084487e+00 1.907495453145850874e-10
6.532128514056225299e+00 1.998445868440764253e-10
6.552208835341365223e+00 2.089424755753789420e-10
6.572289156626506035e+00 2.180206844853565425e-10
6.592369477911645959e+00 2.272114771433768984e-10
6.612449799196786770e+00 2.364842125008467671e-10
6.632530120481927582e+00 2.456896706041875929e-10
6.652610441767068394e+00 2.548066005196872563e-10
6.672690763052209206e+00 2.638142345473118001e-10
6.692771084337350018e+00 2.726925932552751311e-10
6.712851405622489942e+00 2.814226452044038687e-10
6.732931726907629866e+00 2.899863792528440478e-10
6.753012048192770678e+00 2.983668680716581404e-10
6.773092369477911490e+00 3.065483200103206842e-10
6.793172690763052302e+00 3.146697687223010184e-10
6.813253012048193114e+00 3.230752406174493586e-10
6.833333333333333925e+00 3.312632069932072428e-10
6.853413654618473849e+00 3.392198531896471094e-10
6.873493975903614661e+00 3.469326605992016435e-10
6.893574297188754585e+00 3.543904093500209856e-10
6.913654618473895397e+00 3.615829473058849623e-10
6.933734939759036209e+00 3.685010018479798849e-10
6.953815261044177021e+00 3.751364340400492478e-10
6.973895582329317833e+00 3.814818595706595786e-10
6.993975903614457756e+00 3.875306487933097032e-10
7.014056224899598568e+00 3.932773577088324223e-10
7.034136546184738492e+00 3.987170175984244063e-10
7.054216867469879304e+00 4.038447369573592651e-10
7.074297188755020116e+00 4.093981176280981640e-10
7.094377510040160928e+00 4.148540404067075174e-10
7.114457831325301740e+00 4.200073685528387290e-10
7.134538152610441664e+00 4.248570367956539049e-10
7.154618473895582476e+00 4.294029370430588034e-10
7.174698795180722399e+00 4.336453185792487804e-10
7.194779116465863211e+00 4.375841190175176262e-10
7.214859437751004023e+00 4.412197634004627446e-10
7.234939759036144835e+00 4.445535824248850363e-10
7.255020080321285647e+00 4.475878134403187865e-10
7.275100401606425571e+00 4.503255196190192564e-10
7.295180722891566383e+00 4.527702214933729837e-10
7.315261044176706307e+00 4.549244292690397788e-10
7.335341365461847118e+00 4.567908094742619123e-10
7.355421686746987930e+00 4.583726941953144102e-10
7.375502008032128742e+00 4.596740294162182528e-10
7.395582329317269554e+00 4.606994612315123326e-10
7.415662650602409478e+00 4.614543147001522849e-10
7.435742971887550290e+00 4.619443713901548638e-10
7.455823293172690214e+00 4.623919362793400029e-10
7.475903614457831026e+00 4.631256716334614495e-10
7.495983935742971838e+00 4.636145430329237087e-10
7.516064257028112650e+00 4.638645209229221283e-10
7.536144578313252573e+00 4.638820410988309068e-10
7.556224899598393385e+00 4.636739075540352603e-10
7.576305220883534197e+00 4.632472045119396428e-10
7.596385542168675009e+00 4.626092194864412539e-10
7.616465863453814933e+00 4.617673687269908211e-10
7.636546184738955745e+00 4.607289400097954247e-10
7.656626506024096557e+00 4.595010500466915943e-10
7.676706827309237369e+00 4.580908226720658827e-10
7.696787148594377292e+00 4.565045949031954376e-10
7.716867469879518104e+00 4.547476979005862892e-10
7.736947791164658916e+00 4.528256089477824339e-10
7.757028112449798840e+00 4.507440073027754839e-10
7.777108433734939652e+00 4.485087367655658720e-10
7.797188755020080464e+00 4.461257705715052011e-10
7.817269076305221276e+00 4.436011749254077069e-10
7.837349397590361200e+00 4.409405706659488786e-10
7.857429718875502012e+00 4.381487127648786743e-10
7.877510040160642824e+00 4.352305143598948900e-10
7.897590361445782747e+00 4.321911452367360582e-10
7.917670682730923559e+00 4.290359528335301431e-10
7.937751004016064371e+00 4.257703322496000225e-10
7.957831325301205183e+00 4.223997810877953018e-10
7.977911646586345107e+00 4.189298841927870357e-10
7.997991967871485919e+00 4.153662795140613826e-10
8.018072289156627619e+00 4.117145869112844245e-10
8.038152610441766655e+00 4.079802806139072681e-10
8.058232931726907466e+00 4.041688000726059243e-10
8.078313253012048278e+00 4.002855680041361055e-10
8.098393574297189090e+00 3.963359676483623652e-10
8.118473895582329902e+00 3.923253199938858592e-10
8.138554216867468938e+00 3.882588640560972975e-10
8.158634538152611526e+00 3.841417399646121541e-10
8.178714859437750562e+00 3.800448071243021395e-10
8.198795180722891374e+00 3.760473083134995715e-10
8.218875502008032186e+00 3.720136075811302185e-10
8.238955823293172998e+00 3.679483185037374106e-10
8.259036144578313809e+00 3.638558782277170675e-10
8.279116465863452845e+00 3.597405417713834146e-10
8.299196787148595433e+00 3.556063874604617610e-10
8.319277108433734469e+00 3.514573045336486332e-10
8.339357429718875281e+00 3.472969868302713573e-10
8.359437751004016093e+00 3.431289352920578233e-10
8.379518072289156905e+00 3.389564613208357823e-10
8.399598393574297717e+00 3.347826850069127212e-10
8.419678714859436752e+00 3.306103269445538226e-10
8.439759036144579341e+00 3.264416894339796347e-10
8.459839357429718376e+00 3.222789677876797162e-10
8.479919678714859188e+00 3.181242733797816385e-10
8.500000000000000000e+00 3.139796347955689940e-10
