# log10(T) rate(cm^3/s)
# Collisional Rates
3.500000000000000000e+00 1.171628775273750176e-133
3.520080321285140368e+00 4.548004499813731734e-128
3.540160642570281180e+00 9.880408489707434349e-123
3.560240963855421548e+00 1.233224374747888630e-117
3.580321285140562360e+00 9.067715200640834090e-113
3.600401606425702727e+00 4.022779357294481379e-108
3.620481927710843539e+00 1.101645688284013576e-103
3.640562248995983907e+00 1.903320297956368245e-99
3.660642570281124719e+00 2.118239780663549601e-95
3.680722891566265087e+00 1.549038927537871028e-91
3.700803212851405455e+00 7.586024196607749177e-88
3.720883534136546267e+00 2.533373142616421701e-84
3.740963855421686635e+00 5.869890446665380020e-81
3.761044176706827447e+00 9.593567131092296687e-78
3.781124497991967814e+00 1.123566569176494807e-74
3.801204819277108626e+00 9.572510919835287755e-72
3.821285140562248994e+00 6.018740522316694045e-69
3.841365461847389362e+00 2.831393543655823069e-66
3.861445783132530174e+00 1.009723604849313162e-63
3.881526104417670542e+00 2.764063432352449763e-61
3.901606425702811354e+00 5.877960988222261870e-59
3.921686746987951722e+00 9.821867333525847476e-57
3.941767068273092534e+00 1.303712009329230932e-54
3.961847389558232901e+00 1.389016117891035771e-52
3.981927710843373269e+00 1.199732903657239734e-50
4.002008032128514081e+00 8.480710953977751214e-49
4.022088353413654893e+00 4.950886838114876174e-47
4.042168674698794817e+00 2.407641001473472734e-45
4.062248995983935629e+00 9.834306361568923242e-44
4.082329317269076441e+00 3.400652743358885994e-42
4.102409638554217253e+00 1.003034761449667050e-40
4.122489959839357176e+00 2.541708415165116893e-39
4.142570281124497988e+00 5.571490436802802641e-38
4.162650602409638800e+00 1.063403765634727138e-36
4.182730923694778724e+00 1.778372729817784799e-35
4.202811244979919536e+00 2.621434817393829795e-34
4.222891566265060348e+00 3.425497685571613095e-33
4.242971887550201160e+00 3.989710407762570835e-32
4.263052208835341084e+00 4.163417996495179427e-31
4.283132530120481896e+00 3.912059237610521304e-30
4.303212851405622708e+00 3.325569098082237596e-29
4.323293172690762631e+00 2.569194693625753602e-28
4.343373493975903443e+00 1.811653111113483022e-27
4.363453815261044255e+00 1.170824306571561122e-26
4.383534136546185067e+00 6.962380319211185845e-26
4.403614457831324991e+00 3.823898942392463454e-25
4.423694779116465803e+00 1.946691744542057231e-24
4.443775100401606615e+00 9.217624844921866267e-24
4.463855421686746539e+00 4.072804184737205489e-23
4.483935742971887350e+00 1.684527040489938570e-22
4.504016064257028162e+00 6.541363545259640482e-22
4.524096385542168974e+00 2.391672332861524951e-21
4.544176706827309786e+00 8.255804934426595238e-21
4.564257028112449710e+00 2.697548751754774445e-20
4.584337349397590522e+00 8.363884781351356113e-20
4.604417670682730446e+00 2.466627696701270611e-19
4.624497991967871258e+00 6.934855038638306594e-19
4.644578313253012070e+00 1.862714617832405290e-18
4.664658634538152882e+00 4.789882660569744030e-18
4.684738955823293693e+00 1.181481573233655935e-17
4.704819277108433617e+00 2.800707396199035179e-17
4.724899598393574429e+00 6.391833116162395323e-17
4.744979919678714353e+00 1.406834124808670930e-16
4.765060240963855165e+00 2.991088608353189958e-16
4.785140562248995977e+00 6.152640009485823935e-16
4.805220883534136789e+00 1.226268946203030529e-15
4.825301204819277601e+00 2.371475992293874948e-15
4.845381526104417524e+00 4.456041568781415241e-15
4.865461847389558336e+00 8.145901526891788455e-15
4.885542168674698260e+00 1.450523687896081970e-14
4.905622489959839072e+00 2.518941752800504359e-14
4.925702811244979884e+00 4.270783855686540721e-14
4.945783132530120696e+00 7.077167717384103039e-14
4.965863453815261508e+00 1.147410479432975232e-13
4.985943775100401432e+00 1.821840010819097553e-13
5.006024096385542244e+00 2.835561106921338471e-13
5.026104417670682167e+00 4.330039342460954550e-13
5.046184738955822979e+00 6.492885279267796882e-13
5.066265060240963791e+00 9.568167451161771287e-13
5.086345381526104603e+00 1.386758866071211324e-12
5.106425702811245415e+00 1.978221673162243567e-12
5.126506024096385339e+00 2.779436287170826541e-12
5.146586345381526151e+00 3.848913292545867859e-12
5.166666666666666963e+00 5.256511664303013352e-12
5.186746987951806886e+00 7.084364560599223897e-12
5.206827309236947698e+00 9.427605081848303858e-12
5.226907630522088510e+00 1.239483799543210810e-11
5.246987951807229322e+00 1.610830758661049071e-11
5.267068273092369246e+00 2.070373196825490130e-11
5.287148594377510058e+00 2.632976944524447614e-11
5.307228915662650870e+00 3.314710064032927148e-11
5.327309236947790794e+00 4.132713200563702238e-11
5.347389558232931606e+00 5.105033376692403897e-11
5.367469879518072418e+00 6.250423997099079757e-11
5.387550200803213230e+00 7.588111192645200760e-11
5.407630522088353153e+00 9.137534373111195193e-11
5.427710843373493965e+00 1.091807477449934618e-10
5.447791164658634777e+00 1.294877005299042827e-10
5.467871485943774701e+00 1.524803075424113849e-10
5.487951807228915513e+00 1.783335731973680155e-10
5.508032128514056325e+00 2.072105905728111672e-10
5.528112449799197137e+00 2.392599239637466295e-10
5.548192771084337949e+00 2.746130495400804824e-10
5.568273092369477872e+00 3.133817157925800054e-10
5.588353413654618684e+00 3.556562841118092181e-10
5.608433734939758608e+00 4.015043542287163983e-10
5.628514056224899420e+00 4.509694986894511653e-10
5.648594377510040232e+00 5.040704969605992355e-10
5.668674698795181044e+00 5.608009761825437809e-10
5.688755020080321856e+00 6.211292650115970081e-10
5.708835341365461780e+00 6.849996771486670008e-10
5.728915662650602592e+00 7.523313862427169578e-10
5.748995983935742515e+00 8.230205995081407292e-10
5.769076305220883327e+00 8.969400183003390482e-10
5.789156626506024139e+00 9.739401764113391834e-10
5.809236947791164951e+00 1.053854945988031094e-09
5.829317269076305763e+00 1.136505794187133563e-09
5.849397590361445687e+00 1.221681887378718826e-09
5.869477911646586499e+00 1.309167312171695437e-09
5.889558232931726423e+00 1.398734835216376715e-09
5.909638554216867234e+00 1.490148078064150656e-09
5.929718875502008046e+00 1.583170253270660459e-09
5.949799196787148858e+00 1.677624500333713435e-09
5.969879518072289670e+00 1.773191232578433281e-09
5.989959839357429594e+00 1.869617939887005398e-09
6.010040160642570406e+00 1.966652593779571631e-09
6.030120481927710330e+00 2.064042363780231122e-09
6.050200803212851142e+00 2.161530994424624402e-09
6.070281124497991954e+00 2.258868053565371237e-09
6.090361445783132766e+00 2.356177537015985465e-09
6.110441767068273577e+00 2.452874428774070061e-09
6.130522088353413501e+00 2.548723586501026764e-09
6.150602409638554313e+00 2.643499076991839268e-09
6.170682730923694237e+00 2.736984405970222755e-09
6.190763052208835049e+00 2.828973197489042575e-09
6.210843373493975861e+00 2.919270205330832928e-09
6.230923694779116673e+00 3.007692004699613207e-09
6.251004016064257485e+00 3.094814980143703443e-09
6.271084337349397408e+00 3.180225828045215588e-09
6.291164658634538220e+00 3.263365254001438038e-09
6.311244979919678144e+00 3.344094951508448741e-09
6.331325301204818956e+00 3.422286300419213311e-09
6.351405622489959768e+00 3.497822865291154824e-09
6.371485943775100580e+00 3.570601181446163524e-09
6.391566265060241392e+00 3.640530304690822691e-09
6.411646586345381316e+00 3.707531012822038813e-09
6.431726907630522128e+00 3.771530138373585802e-09
6.451807228915662051e+00 3.833285102156072110e-09
6.471887550200802863e+00 3.893646129470118872e-09
6.491967871485943675e+00 3.950965665266263317e-09
6.512048192771084487e+00 4.005200212713417198e-09
6.532128514056225299e+00 4.056317063280007746e-09
6.552208835341365223e+00 4.104293919332582486e-09
6.572289156626506035e+00 4.149118482830158441e-09
6.592369477911645959e+00 4.190787962856219264e-09
6.612449799196786770e+00 4.229307646068774326e-09
6.632530120481927582e+00 4.264689978160757702e-09
6.652610441767068394e+00 4.296955482604916388e-09
6.672690763052209206e+00 4.326131050984027038e-09
6.692771084337350018e+00 4.352246427077224471e-09
6.712851405622489942e+00 4.375336258351392433e-09
6.732931726907629866e+00 4.398431522316152686e-09
6.753012048192770678e+00 4.419114570666320808e-09
6.773092369477911490e+00 4.437031271371486137e-09
6.793172690763052302e+00 4.452228000299095092e-09
6.813253012048193114e+00 4.464754825011059199e-09
6.833333333333333925e+00 4.474663035446497112e-09
6.853413654618473849e+00 4.482008148223384938e-09
6.873493975903614661e+00 4.486850191142335897e-09
6.893574297188754585e+00 4.489253026296270307e-09
6.913654618473895397e+00 4.489283853746889138e-09
6.933734939759036209e+00 4.487012385523041162e-09
6.953815261044177021e+00 4.482506243857329584e-09
6.973895582329317833e+00 4.475831051560082244e-09
6.993975903614457756e+00 4.467054768408084445e-09
7.014056224899598568e+00 4.456247086235357780e-09
7.034136546184738492e+00 4.443479457893798931e-09
7.054216867469879304e+00 4.428824399113018956e-09
7.074297188755020116e+00 4.412355067954005577e-09
7.094377510040160928e+00 4.394142061757361715e-09
7.114457831325301740e+00 4.375251416722848429e-09
7.134538152610441664e+00 4.356400752018972308e-09
7.154618473895582476e+00 4.336085663031763116e-09
7.174698795180722399e+00 4.314365103977360200e-09
7.194779116465863211e+00 4.291298075878132110e-09
7.214859437751004023e+00 4.266943328856765151e-09
7.234939759036144835e+00 4.241359175363825124e-09
7.255020080321285647e+00 4.214603317319558249e-09
7.275100401606425571e+00 4.186732268825957799e-09
7.295180722891566383e+00 4.157801383444861282e-09
7.315261044176706307e+00 4.127865242446556262e-09
7.335341365461847118e+00 4.096976484743039245e-09
7.355421686746987930e+00 4.065182513373800503e-09
7.375502008032128742e+00 4.032529513830541916e-09
7.395582329317269554e+00 3.999063683572621083e-09
7.415662650602409478e+00 3.964831088435979661e-09
7.435742971887550290e+00 3.929877104786803200e-09
7.455823293172690214e+00 3.894246312129949309e-09
7.475903614457831026e+00 3.857981906296625935e-09
7.495983935742971838e+00 3.821123781936349598e-09
7.516064257028112650e+00 3.783711445939006417e-09
7.536144578313252573e+00 3.745784595031249395e-09
7.556224899598393385e+00 3.707383013136781835e-09
7.576305220883534197e+00 3.668546378351934154e-09
7.596385542168675009e+00 3.629313995897490410e-09
7.616465863453814933e+00 3.589724664296412460e-09
7.636546184738955745e+00 3.549816564019755769e-09
7.656626506024096557e+00 3.509627007963190708e-09
7.676706827309237369e+00 3.469192056249794058e-09
7.696787148594377292e+00 3.428546913948838857e-09
7.716867469879518104e+00 3.387725960623876202e-09
7.736947791164658916e+00 3.346762675147369418e-09
7.757028112449798840e+00 3.305689564558108549e-09
7.777108433734939652e+00 3.264537997360784884e-09
7.797188755020080464e+00 3.223338225984193978e-09
7.817269076305221276e+00 3.182119442500352086e-09
7.837349397590361200e+00 3.141197704154377687e-09
7.857429718875502012e+00 3.100727007375386544e-09
7.877510040160642824e+00 3.060334002429842172e-09
7.897590361445782747e+00 3.020041164612026200e-09
7.917670682730923559e+00 2.979869851043463034e-09
7.937751004016064371e+00 2.939840354194134677e-09
7.957831325301205183e+00 2.899971870033166347e-09
7.977911646586345107e+00 2.860282510841741664e-09
7.997991967871485919e+00 2.820789333381150643e-09
8.018072289156627619e+00 2.781508374762912813e-09
8.038152610441766655e+00 2.742454688729507015e-09
8.058232931726907466e+00 2.703642067401856613e-09
8.078313253012048278e+00 2.665082275311427260e-09
8.098393574297189090e+00 2.626786180603377102e-09
8.118473895582329902e+00 2.588764090232152254e-09
8.138554216867468938e+00 2.551025760250566410e-09
8.158634538152611526e+00 2.513580405351998401e-09
8.178714859437750562e+00 2.476436707750135122e-09
8.198795180722891374e+00 2.439602547318800046e-09
8.218875502008032186e+00 2.403084569765115683e-09
8.238955823293172998e+00 2.366888979996017009e-09
8.259036144578313809e+00 2.331021689690410659e-09
8.279116465863452845e+00 2.295488325338837358e-09
8.299196787148595433e+00 2.260294219937786546e-09
8.319277108433734469e+00 2.225444371987172326e-09
8.339357429718875281e+00 2.190943436902242836e-09
8.359437751004016093e+00 2.156795722784862141e-09
8.379518072289156905e+00 2.123005145019341422e-09
8.399598393574297717e+00 2.089575154580903733e-09
8.419678714859436752e+00 2.056508864941595439e-09
8.439759036144579341e+00 2.023809077199043920e-09
8.459839357429718376e+00 1.991478279819014146e-09
8.479919678714859188e+00 1.959518650115066050e-09
8.500000000000000000e+00 1.927932057291402104e-09
