# log10(T) rate(cm^3/s)
# Collisional Rates
3.500000000000000000e+00 0.000000000000000000e+00
3.520080321285140368e+00 0.000000000000000000e+00
3.540160642570281180e+00 0.000000000000000000e+00
3.560240963855421548e+00 0.000000000000000000e+00
3.580321285140562360e+00 0.000000000000000000e+00
3.600401606425702727e+00 0.000000000000000000e+00
3.620481927710843539e+00 0.000000000000000000e+00
3.640562248995983907e+00 0.000000000000000000e+00
3.660642570281124719e+00 0.000000000000000000e+00
3.680722891566265087e+00 0.000000000000000000e+00
3.700803212851405455e+00 0.000000000000000000e+00
3.720883534136546267e+00 0.000000000000000000e+00
3.740963855421686635e+00 0.000000000000000000e+00
3.761044176706827447e+00 0.000000000000000000e+00
3.781124497991967814e+00 0.000000000000000000e+00
3.801204819277108626e+00 0.000000000000000000e+00
3.821285140562248994e+00 0.000000000000000000e+00
3.841365461847389362e+00 0.000000000000000000e+00
3.861445783132530174e+00 0.000000000000000000e+00
3.881526104417670542e+00 0.000000000000000000e+00
3.901606425702811354e+00 0.000000000000000000e+00
3.921686746987951722e+00 0.000000000000000000e+00
3.941767068273092534e+00 0.000000000000000000e+00
3.961847389558232901e+00 2.381583406920446338e-315
3.981927710843373269e+00 1.296631760101255617e-301
4.002008032128514081e+00 1.692667505104779004e-288
4.022088353413654893e+00 5.651367602947082967e-276
4.042168674698794817e+00 5.132381426817916826e-264
4.062248995983935629e+00 1.344668859751290395e-252
4.082329317269076441e+00 1.075068318471964906e-241
4.102409638554217253e+00 2.767401149766229046e-231
4.122489959839357176e+00 2.414138368630637757e-221
4.142570281124497988e+00 7.494453979638051714e-212
4.162650602409638800e+00 8.675210122755415220e-203
4.182730923694778724e+00 3.915078336469271455e-194
4.202811244979919536e+00 7.187948264607628829e-186
4.222891566265060348e+00 5.591416863513495492e-178
4.242971887550201160e+00 1.915764917404172224e-170
4.263052208835341084e+00 3.000236835860151045e-163
4.283132530120481896e+00 2.224971233767035332e-156
4.303212851405622708e+00 8.081969448243077342e-150
4.323293172690762631e+00 1.485044824621823044e-143
4.343373493975903443e+00 1.423522193336737447e-137
4.363453815261044255e+00 7.330941605898812061e-132
4.383534136546185067e+00 2.086016232805202529e-126
4.403614457831324991e+00 3.368826928947678576e-121
4.423694779116465803e+00 3.167798189322061664e-116
4.443775100401606615e+00 1.777323876359308834e-111
4.463855421686746539e+00 6.090302262961820457e-107
4.483935742971887350e+00 1.303315010893989144e-102
4.504016064257028162e+00 1.779246506265881331e-98
4.524096385542168974e+00 1.581319010706308350e-94
4.544176706827309786e+00 9.328706186865960355e-91
4.564257028112449710e+00 3.721201952927970139e-87
4.584337349397590522e+00 1.021604872767103038e-83
4.604417670682730446e+00 1.963141503602340731e-80
4.624497991967871258e+00 2.683421912591824216e-77
4.644578313253012070e+00 2.649588928747714061e-74
4.664658634538152882e+00 1.917792800097696075e-71
4.684738955823293693e+00 1.031933261965456059e-68
4.704819277108433617e+00 4.183560424224567360e-66
4.724899598393574429e+00 1.294314620481451272e-63
4.744979919678714353e+00 3.093405802879415570e-61
4.765060240963855165e+00 5.778316677638397087e-59
4.785140562248995977e+00 8.530382758219529597e-57
4.805220883534136789e+00 1.005901040811546519e-54
4.825301204819277601e+00 9.571273985569894572e-53
4.845381526104417524e+00 7.420291670460307917e-51
4.865461847389558336e+00 4.730725202833460601e-49
4.885542168674698260e+00 2.502229573615513446e-47
4.905622489959839072e+00 1.107345216025030899e-45
4.925702811244979884e+00 4.133267939607905255e-44
4.945783132530120696e+00 1.311290262728878693e-42
4.965863453815261508e+00 3.561951705351779677e-41
4.985943775100401432e+00 8.342691225916284963e-40
5.006024096385542244e+00 1.696136089234643683e-38
5.026104417670682167e+00 3.012504043577226772e-37
5.046184738955822979e+00 4.702811644357176668e-36
5.066265060240963791e+00 6.490547524295191618e-35
5.086345381526104603e+00 7.963707809808557092e-34
5.106425702811245415e+00 8.733066451175128466e-33
5.126506024096385339e+00 8.602776567395527405e-32
5.146586345381526151e+00 7.649523263362744129e-31
5.166666666666666963e+00 6.168254865876765789e-30
5.186746987951806886e+00 4.530436824002777899e-29
5.206827309236947698e+00 3.043677552535307626e-28
5.226907630522088510e+00 1.877959550923507180e-27
5.246987951807229322e+00 1.068248037288574973e-26
5.267068273092369246e+00 5.622766940182467823e-26
5.287148594377510058e+00 2.748159910346447738e-25
5.307228915662650870e+00 1.251413796087436769e-24
5.327309236947790794e+00 5.326161699165669750e-24
5.347389558232931606e+00 2.125235252568275348e-23
5.367469879518072418e+00 7.973406183883352805e-23
5.387550200803213230e+00 2.820543613734153295e-22
5.407630522088353153e+00 9.432506489670365719e-22
5.427710843373493965e+00 2.989702780856239664e-21
5.447791164658634777e+00 9.002996317454992578e-21
5.467871485943774701e+00 2.581715471726699336e-20
5.487951807228915513e+00 7.065627246692720027e-20
5.508032128514056325e+00 1.849394884777781136e-19
5.528112449799197137e+00 4.638947173635546376e-19
5.548192771084337949e+00 1.117261651754000426e-18
5.568273092369477872e+00 2.588411135390561333e-18
5.588353413654618684e+00 5.778509176916314449e-18
5.608433734939758608e+00 1.245172510830898286e-17
5.628514056224899420e+00 2.593992187703937884e-17
5.648594377510040232e+00 5.232343264634466526e-17
5.668674698795181044e+00 1.023399894443918457e-16
5.688755020080321856e+00 1.943661681827481589e-16
5.708835341365461780e+00 3.589215383039489960e-16
5.728915662650602592e+00 6.452579033996193824e-16
5.748995983935742515e+00 1.130703539489758817e-15
5.769076305220883327e+00 1.933520402899001740e-15
5.789156626506024139e+00 3.230083155425198832e-15
5.809236947791164951e+00 5.277181660937203034e-15
5.829317269076305763e+00 8.440176328912438181e-15
5.849397590361445687e+00 1.322757443941269984e-14
5.869477911646586499e+00 2.033234359428356472e-14
5.889558232931726423e+00 3.067994554657121323e-14
5.909638554216867234e+00 4.548266684487147970e-14
5.929718875502008046e+00 6.629935199715743327e-14
5.949799196787148858e+00 9.509900984934859014e-14
5.969879518072289670e+00 1.343265879111346322e-13
5.989959839357429594e+00 1.869687006055122298e-13
6.010040160642570406e+00 2.566166793525599316e-13
6.030120481927710330e+00 3.475242118873414150e-13
6.050200803212851142e+00 4.646567846217647009e-13
6.070281124497991954e+00 6.137302595143533764e-13
6.090361445783132766e+00 8.012360125511240908e-13
6.110441767068273577e+00 1.034447438635396303e-12
6.130522088353413501e+00 1.321407511423544894e-12
6.150602409638554313e+00 1.670902059642811998e-12
6.170682730923694237e+00 2.092412785439089158e-12
6.190763052208835049e+00 2.596051704616452793e-12
6.210843373493975861e+00 3.192478329011205976e-12
6.230923694779116673e+00 3.892799862890728995e-12
6.251004016064257485e+00 4.708450791716555844e-12
6.271084337349397408e+00 5.651069941228668109e-12
6.291164658634538220e+00 6.732370532492367546e-12
6.311244979919678144e+00 7.963988560341833128e-12
6.331325301204818956e+00 9.357288228629157792e-12
6.351405622489959768e+00 1.092323235025697634e-11
6.371485943775100580e+00 1.267224657167257096e-11
6.391566265060241392e+00 1.461407857272345179e-11
6.411646586345381316e+00 1.675761991858222611e-11
6.431726907630522128e+00 1.911076945829040057e-11
6.451807228915662051e+00 2.168036210552361357e-11
6.471887550200802863e+00 2.447208446194559009e-11
6.491967871485943675e+00 2.749040792168378668e-11
6.512048192771084487e+00 3.073854062052322942e-11
6.532128514056225299e+00 3.421838696169438245e-11
6.552208835341365223e+00 3.793053819787953444e-11
6.572289156626506035e+00 4.187427784185246397e-11
6.592369477911645959e+00 4.604738824857129908e-11
6.612449799196786770e+00 5.044600683800554956e-11
6.632530120481927582e+00 5.506459576355505416e-11
6.652610441767068394e+00 5.989619923995753901e-11
6.672690763052209206e+00 6.493255016956453008e-11
6.692771084337350018e+00 7.016412752628593993e-11
6.712851405622489942e+00 7.558021327217523656e-11
6.732931726907629866e+00 8.116905877176426935e-11
6.753012048192770678e+00 8.691801978931295203e-11
6.773092369477911490e+00 9.281368827637497241e-11
6.793172690763052302e+00 9.884202651620673794e-11
6.813253012048193114e+00 1.049885025709254277e-10
6.833333333333333925e+00 1.112382248729286547e-10
6.853413654618473849e+00 1.175760719584999644e-10
6.873493975903614661e+00 1.239867180696298493e-10
6.893574297188754585e+00 1.304540779153334254e-10
6.913654618473895397e+00 1.369615317999683056e-10
6.933734939759036209e+00 1.434924972076942215e-10
6.953815261044177021e+00 1.500306247921085127e-10
6.973895582329317833e+00 1.565597449109580670e-10
6.993975903614457756e+00 1.630635880362698346e-10
7.014056224899598568e+00 1.695262222697742924e-10
7.034136546184738492e+00 1.759321946567329841e-10
7.054216867469879304e+00 1.822666039135344862e-10
7.074297188755020116e+00 1.885152142158877829e-10
7.094377510040160928e+00 1.946645189236237072e-10
7.114457831325301740e+00 2.007017911558848188e-10
7.134538152610441664e+00 2.066151242513573721e-10
7.154618473895582476e+00 2.123934536631130854e-10
7.174698795180722399e+00 2.180263349135018587e-10
7.194779116465863211e+00 2.235039325815030838e-10
7.214859437751004023e+00 2.288173044519774441e-10
7.234939759036144835e+00 2.339583809700140323e-10
7.255020080321285647e+00 2.389198848369131145e-10
7.275100401606425571e+00 2.436949951000006385e-10
7.295180722891566383e+00 2.482769921078791537e-10
7.315261044176706307e+00 2.526599280383542908e-10
7.335341365461847118e+00 2.568386987262977941e-10
7.355421686746987930e+00 2.608090317983383934e-10
7.375502008032128742e+00 2.645674712003082391e-10
7.395582329317269554e+00 2.681113571838531892e-10
7.415662650602409478e+00 2.714388023106331146e-10
7.435742971887550290e+00 2.745486651483181331e-10
7.455823293172690214e+00 2.774405213689075709e-10
7.475903614457831026e+00 2.801146325634844428e-10
7.495983935742971838e+00 2.825719011588748921e-10
7.516064257028112650e+00 2.848137066034059523e-10
7.536144578313252573e+00 2.868419368562344991e-10
7.556224899598393385e+00 2.886589799738611645e-10
7.576305220883534197e+00 2.902674326403236533e-10
7.596385542168675009e+00 2.916703235536436663e-10
7.616465863453814933e+00 2.928711745605349725e-10
7.636546184738955745e+00 2.938739625885282411e-10
7.656626506024096557e+00 2.946830807782967503e-10
7.676706827309237369e+00 2.953032989801693031e-10
7.696787148594377292e+00 2.957396431075868702e-10
7.716867469879518104e+00 2.959972076868557892e-10
7.736947791164658916e+00 2.960812888613935722e-10
7.757028112449798840e+00 2.959973873231230452e-10
7.777108433734939652e+00 2.957511697846610823e-10
7.797188755020080464e+00 2.953484331367420413e-10
7.817269076305221276e+00 2.947950722175805586e-10
7.837349397590361200e+00 2.940970492390210696e-10
7.857429718875502012e+00 2.932603649902265520e-10
7.877510040160642824e+00 2.922910317903171149e-10
7.897590361445782747e+00 2.911949977326505807e-10
7.917670682730923559e+00 2.899780575087888940e-10
7.937751004016064371e+00 2.886459543023584604e-10
7.957831325301205183e+00 2.872043807786908416e-10
7.977911646586345107e+00 2.856589583097071796e-10
7.997991967871485919e+00 2.840150680982188975e-10
8.018072289156627619e+00 2.822777455708578300e-10
8.038152610441766655e+00 2.804519040167720292e-10
8.058232931726907466e+00 2.785423458910700834e-10
8.078313253012048278e+00 2.765537569215753759e-10
8.098393574297189090e+00 2.744907019857695515e-10
8.118473895582329902e+00 2.723576222122215234e-10
8.138554216867468938e+00 2.701588331638225185e-10
8.158634538152611526e+00 2.678985239616629458e-10
8.178714859437750562e+00 2.655807572125598973e-10
8.198795180722891374e+00 2.632094696096677177e-10
8.218875502008032186e+00 2.607884730839284098e-10
8.238955823293172998e+00 2.583214563938719812e-10
8.259036144578313809e+00 2.558119870521186954e-10
8.279116465863452845e+00 2.532634895453816368e-10
8.299196787148595433e+00 2.506791776814700501e-10
8.319277108433734469e+00 2.480621382677426486e-10
8.339357429718875281e+00 2.454153602142538675e-10
8.359437751004016093e+00 2.427417370584080966e-10
8.379518072289156905e+00 2.400440693076514973e-10
8.399598393574297717e+00 2.373250673145457403e-10
8.419678714859436752e+00 2.345873564465199657e-10
8.439759036144579341e+00 2.318334754767212591e-10
8.459839357429718376e+00 2.290658765901686432e-10
8.479919678714859188e+00 2.262869269070333176e-10
8.500000000000000000e+00 2.234989098529887389e-10
