# log10(T) rate(cm^3/s)
# Collisional Rates
3.500000000000000000e+00 5.977999922276671046e-31
3.520080321285140368e+00 5.849216367845114658e-30
3.540160642570281180e+00 5.168077242211235753e-29
3.560240963855421548e+00 4.142402619168351852e-28
3.580321285140562360e+00 3.025378332990403070e-27
3.600401606425702727e+00 2.021794028042630242e-26
3.620481927710843539e+00 1.241273021423951667e-25
3.640562248995983907e+00 7.028062260059808730e-25
3.660642570281124719e+00 3.683251232980336157e-24
3.680722891566265087e+00 1.792967531573139574e-23
3.700803212851405455e+00 8.134076958540221459e-23
3.720883534136546267e+00 3.450030890532715565e-22
3.740963855421686635e+00 1.372265830081857603e-21
3.761044176706827447e+00 5.133531490833726872e-21
3.781124497991967814e+00 1.811182608305433427e-20
3.801204819277108626e+00 6.042648432556566890e-20
3.821285140562248994e+00 1.911220311398256069e-19
3.841365461847389362e+00 5.744633595732828232e-19
3.861445783132530174e+00 1.644692468264082644e-18
3.881526104417670542e+00 4.495059599027635938e-18
3.901606425702811354e+00 1.175247107495360809e-17
3.921686746987951722e+00 2.945367501605701776e-17
3.941767068273092534e+00 7.089257853955890022e-17
3.961847389558232901e+00 1.641761574330642293e-16
3.981927710843373269e+00 3.664618875002093422e-16
4.002008032128514081e+00 7.897402972722670345e-16
4.022088353413654893e+00 1.645778553721511034e-15
4.042168674698794817e+00 3.321650750200082055e-15
4.062248995983935629e+00 6.502288991586646569e-15
4.082329317269076441e+00 1.236272815537056974e-14
4.102409638554217253e+00 2.286005047310739439e-14
4.122489959839357176e+00 4.116311109800359168e-14
4.142570281124497988e+00 7.226634632660999098e-14
4.162650602409638800e+00 1.238415010054678855e-13
4.182730923694778724e+00 2.073869473095411316e-13
4.202811244979919536e+00 3.397373043491740755e-13
4.222891566265060348e+00 5.449952549943950511e-13
4.242971887550201160e+00 8.569419398300842692e-13
4.263052208835341084e+00 1.321971581156219382e-12
4.283132530120481896e+00 2.002580008458543497e-12
4.303212851405622708e+00 2.981416004968386583e-12
4.323293172690762631e+00 4.365879884164696606e-12
4.343373493975903443e+00 6.293226899553320108e-12
4.363453815261044255e+00 8.936105774340163884e-12
4.383534136546185067e+00 1.250843672371362963e-11
4.403614457831324991e+00 1.727151072632802009e-11
4.423694779116465803e+00 2.354017404416096009e-11
4.443775100401606615e+00 3.168895028268750475e-11
4.463855421686746539e+00 4.215794715798222716e-11
4.483935742971887350e+00 5.545839689943962742e-11
4.504016064257028162e+00 7.217768867004266219e-11
4.524096385542168974e+00 9.298376362035820701e-11
4.544176706827309786e+00 1.186287617079517139e-10
4.564257028112449710e+00 1.499518239622682624e-10
4.584337349397590522e+00 1.878809793359820544e-10
4.604417670682730446e+00 2.334340932212610358e-10
4.624497991967871258e+00 2.877188318401706762e-10
4.644578313253012070e+00 3.519316372312305092e-10
4.664658634538152882e+00 4.273556954362743010e-10
4.684738955823293693e+00 5.153577336009947121e-10
4.704819277108433617e+00 6.173840795860464270e-10
4.724899598393574429e+00 7.349558908728938250e-10
4.744979919678714353e+00 8.696634480910526799e-10
4.765060240963855165e+00 1.023159629928748541e-09
4.785140562248995977e+00 1.197152463943866616e-09
4.805220883534136789e+00 1.393394914693138697e-09
4.825301204819277601e+00 1.613675682090084551e-09
4.845381526104417524e+00 1.859810827869803528e-09
4.865461847389558336e+00 2.133633756258609566e-09
4.885542168674698260e+00 2.436984684853603176e-09
4.905622489959839072e+00 2.771699697083169834e-09
4.925702811244979884e+00 3.139598721994413396e-09
4.945783132530120696e+00 3.542460257805919666e-09
4.965863453815261508e+00 3.982006522271043181e-09
4.985943775100401432e+00 4.459900991018981401e-09
5.006024096385542244e+00 4.977737074892479875e-09
5.026104417670682167e+00 5.537026710469118406e-09
5.046184738955822979e+00 6.139189342495851783e-09
5.066265060240963791e+00 6.785541340951073133e-09
5.086345381526104603e+00 7.477285819229363310e-09
5.106425702811245415e+00 8.215470925442774322e-09
5.126506024096385339e+00 9.000927452374205095e-09
5.146586345381526151e+00 9.834316675601289361e-09
5.166666666666666963e+00 1.071613562509951027e-08
5.186746987951806886e+00 1.164671342333553399e-08
5.206827309236947698e+00 1.262620873453390919e-08
5.226907630522088510e+00 1.365460707001431998e-08
5.246987951807229322e+00 1.473172101947800361e-08
5.267068273092369246e+00 1.585719220758108653e-08
5.287148594377510058e+00 1.703049317742544634e-08
5.307228915662650870e+00 1.825089305230572519e-08
5.327309236947790794e+00 1.951727231821505090e-08
5.347389558232931606e+00 2.082824298780935723e-08
5.367469879518072418e+00 2.218223543899425225e-08
5.387550200803213230e+00 2.357751926751423347e-08
5.407630522088353153e+00 2.501221729732127222e-08
5.427710843373493965e+00 2.648431957890721872e-08
5.447791164658634777e+00 2.799169754273253224e-08
5.467871485943774701e+00 2.953211730742585713e-08
5.487951807228915513e+00 3.110322550569965300e-08
5.508032128514056325e+00 3.270255776286428201e-08
5.528112449799197137e+00 3.432758807209448380e-08
5.548192771084337949e+00 3.597574436137010482e-08
5.568273092369477872e+00 3.764441394854906389e-08
5.588353413654618684e+00 3.933071989328017494e-08
5.608433734939758608e+00 4.103147027686720064e-08
5.628514056224899420e+00 4.274344953370688569e-08
5.648594377510040232e+00 4.446341700598081668e-08
5.668674698795181044e+00 4.618803401223613934e-08
5.688755020080321856e+00 4.791399388242092750e-08
5.708835341365461780e+00 4.963806760418428244e-08
5.728915662650602592e+00 5.135711669080055089e-08
5.748995983935742515e+00 5.306810420308924754e-08
5.769076305220883327e+00 5.476810398545436430e-08
5.789156626506024139e+00 5.645430819885662409e-08
5.809236947791164951e+00 5.812403325252314543e-08
5.829317269076305763e+00 5.977472425136735918e-08
5.849397590361445687e+00 6.140393110165421035e-08
5.869477911646586499e+00 6.300910136173047689e-08
5.889558232931726423e+00 6.458772306359583927e-08
5.909638554216867234e+00 6.613746153914893483e-08
5.929718875502008046e+00 6.765615871227775888e-08
5.949799196787148858e+00 6.914182999300445092e-08
5.969879518072289670e+00 7.059259400169193360e-08
5.989959839357429594e+00 7.200640526362282164e-08
6.010040160642570406e+00 7.338128659779686977e-08
6.030120481927710330e+00 7.471543361007283335e-08
6.050200803212851142e+00 7.600721370558277817e-08
6.070281124497991954e+00 7.725516436690937948e-08
6.090361445783132766e+00 7.845799079010868397e-08
6.110441767068273577e+00 7.961456088976568722e-08
6.130522088353413501e+00 8.072372880809723296e-08
6.150602409638554313e+00 8.178422835384365236e-08
6.170682730923694237e+00 8.279497795659531284e-08
6.190763052208835049e+00 8.375510650862820890e-08
6.210843373493975861e+00 8.466394449273206702e-08
6.230923694779116673e+00 8.552101451487158405e-08
6.251004016064257485e+00 8.632602136034119455e-08
6.271084337349397408e+00 8.707884168285281647e-08
6.291164658634538220e+00 8.777951342734871816e-08
6.311244979919678144e+00 8.842822507926730035e-08
6.331325301204818956e+00 8.902530482550339043e-08
6.351405622489959768e+00 8.957120970534686653e-08
6.371485943775100580e+00 9.006651482321692753e-08
6.391566265060241392e+00 9.051190268895939259e-08
6.411646586345381316e+00 9.090815274578428464e-08
6.431726907630522128e+00 9.125613114050919234e-08
6.451807228915662051e+00 9.155678078558852864e-08
6.471887550200802863e+00 9.181111175737561458e-08
6.491967871485943675e+00 9.202019207013833269e-08
6.512048192771084487e+00 9.218510669902966474e-08
6.532128514056225299e+00 9.230674738692072225e-08
6.552208835341365223e+00 9.238597035767587596e-08
6.572289156626506035e+00 9.242370785558655416e-08
6.592369477911645959e+00 9.242095823360527857e-08
6.612449799196786770e+00 9.237877587694664434e-08
6.632530120481927582e+00 9.229826166583428690e-08
6.652610441767068394e+00 9.218055401800121713e-08
6.672690763052209206e+00 9.202682054063866034e-08
6.692771084337350018e+00 9.183822911164484695e-08
6.712851405622489942e+00 9.161586753547723423e-08
6.732931726907629866e+00 9.136081080715768571e-08
6.753012048192770678e+00 9.107414441513593464e-08
6.773092369477911490e+00 9.075696002274473763e-08
6.793172690763052302e+00 9.041035161115439144e-08
6.813253012048193114e+00 9.003541205586461297e-08
6.833333333333333925e+00 8.963323010520311317e-08
6.853413654618473849e+00 8.920488772855406563e-08
6.873493975903614661e+00 8.875145780199367943e-08
6.893574297188754585e+00 8.827400209956528933e-08
6.913654618473895397e+00 8.777356955947619428e-08
6.933734939759036209e+00 8.725119479594453276e-08
6.953815261044177021e+00 8.670789682917236209e-08
6.973895582329317833e+00 8.614467800788586818e-08
6.993975903614457756e+00 8.556252310097850350e-08
7.014056224899598568e+00 8.496239853696351828e-08
7.034136546184738492e+00 8.434525177210624163e-08
7.054216867469879304e+00 8.371201077024088598e-08
7.074297188755020116e+00 8.306358357931498043e-08
7.094377510040160928e+00 8.240085799163344418e-08
7.114457831325301740e+00 8.172470127656582567e-08
7.134538152610441664e+00 8.103595997610996411e-08
7.154618473895582476e+00 8.033545975518507035e-08
7.174698795180722399e+00 7.962400529982935151e-08
7.194779116465863211e+00 7.890238025762516628e-08
7.214859437751004023e+00 7.817134721566133197e-08
7.234939759036144835e+00 7.743163822645497168e-08
7.255020080321285647e+00 7.668390228684137023e-08
7.275100401606425571e+00 7.592875231651027682e-08
7.295180722891566383e+00 7.516679416652528234e-08
7.315261044176706307e+00 7.439862572983484115e-08
7.335341365461847118e+00 7.362483599204187384e-08
7.355421686746987930e+00 7.284600413508402421e-08
7.375502008032128742e+00 7.206269869967687982e-08
7.395582329317269554e+00 7.127547681106178816e-08
7.415662650602409478e+00 7.048488347137150377e-08
7.435742971887550290e+00 6.969145092078299722e-08
7.455823293172690214e+00 6.889569806859196044e-08
7.475903614457831026e+00 6.809812999440959625e-08
7.495983935742971838e+00 6.729923751887006823e-08
7.516064257028112650e+00 6.649949684251953687e-08
7.536144578313252573e+00 6.569936925096080101e-08
7.556224899598393385e+00 6.489930088382445264e-08
7.576305220883534197e+00 6.409972256473418608e-08
7.596385542168675009e+00 6.330104968911707234e-08
7.616465863453814933e+00 6.250368216647352571e-08
7.636546184738955745e+00 6.170800441356190456e-08
7.656626506024096557e+00 6.091438539485018442e-08
7.676706827309237369e+00 6.012317870654968640e-08
7.696787148594377292e+00 5.933472270054777642e-08
7.716867469879518104e+00 5.854934064461034319e-08
7.736947791164658916e+00 5.776734091530009000e-08
7.757028112449798840e+00 5.698901722017359891e-08
7.777108433734939652e+00 5.621464884594826639e-08
7.797188755020080464e+00 5.544450092948376690e-08
7.817269076305221276e+00 5.467882474858124862e-08
7.837349397590361200e+00 5.391785802978038259e-08
7.857429718875502012e+00 5.316182527050502443e-08
7.877510040160642824e+00 5.241093807309225843e-08
7.897590361445782747e+00 5.166539548841520160e-08
7.917670682730923559e+00 5.092538436698676963e-08
7.937751004016064371e+00 5.019107971560601610e-08
7.957831325301205183e+00 4.946264505777311990e-08
7.977911646586345107e+00 4.874023279626132870e-08
7.997991967871485919e+00 4.802398457638709592e-08
8.018072289156627619e+00 4.731403164866613853e-08
8.038152610441766655e+00 4.661049522968008493e-08
8.058232931726907466e+00 4.591348686010623077e-08
8.078313253012048278e+00 4.522310875898973085e-08
8.098393574297189090e+00 4.453945417343995367e-08
8.118473895582329902e+00 4.386260772304827879e-08
8.138554216867468938e+00 4.319264573841299339e-08
8.158634538152611526e+00 4.252963659324818553e-08
8.178714859437750562e+00 4.187364102963717625e-08
8.198795180722891374e+00 4.122471247606053568e-08
8.218875502008032186e+00 4.058289735790034218e-08
8.238955823293172998e+00 3.994823540018105366e-08
8.259036144578313809e+00 3.932075992236507754e-08
8.279116465863452845e+00 3.870049812506756031e-08
8.299196787148595433e+00 3.808747136860235169e-08
8.319277108433734469e+00 3.748169544331153082e-08
8.339357429718875281e+00 3.688318083166101774e-08
8.359437751004016093e+00 3.629193296212453809e-08
8.379518072289156905e+00 3.570795245489833868e-08
8.399598393574297717e+00 3.513123535951652117e-08
8.419678714859436752e+00 3.456177338445869833e-08
8.439759036144579341e+00 3.399955411885785038e-08
8.459839357429718376e+00 3.344456124643373583e-08
8.479919678714859188e+00 3.289677475178730920e-08
8.500000000000000000e+00 3.235617111920912101e-08
