# log10(T) rate(cm^3/s)
# Collisional Rates
3.500000000000000000e+00 7.421201809112215386e-192
3.520080321285140368e+00 1.208308664515479526e-183
3.540160642570281180e+00 8.380579474321275604e-176
3.560240963855421548e+00 2.573399379501403761e-168
3.580321285140562360e+00 3.629653456255172189e-161
3.600401606425702727e+00 2.435641477473831442e-154
3.620481927710843539e+00 8.041320776563837376e-148
3.640562248995983907e+00 1.348727468106802596e-141
3.660642570281124719e+00 1.184927810688369546e-135
3.680722891566265087e+00 5.614590389468371998e-130
3.700803212851405455e+00 1.475424678871011905e-124
3.720883534136546267e+00 2.208287645540348722e-119
3.740963855421686635e+00 1.930981135313010272e-114
3.761044176706827447e+00 1.010716324840255001e-109
3.781124497991967814e+00 3.240991775596116797e-105
3.801204819277108626e+00 6.509348297839119689e-101
3.821285140562248994e+00 8.363481671665343046e-97
3.841365461847389362e+00 7.014407512570594895e-93
3.861445783132530174e+00 3.914870036829845613e-89
3.881526104417670542e+00 1.481003829018307696e-85
3.901606425702811354e+00 3.864883397540111901e-82
3.921686746987951722e+00 7.075255301877359259e-79
3.941767068273092534e+00 9.232690047957209539e-76
3.961847389558232901e+00 8.720379805335480225e-73
3.981927710843373269e+00 6.049284361543667093e-70
4.002008032128514081e+00 3.125272815671027336e-67
4.022088353413654893e+00 1.218617636088762875e-64
4.042168674698794817e+00 3.632131541036912819e-62
4.062248995983935629e+00 8.376060405637202900e-60
4.082329317269076441e+00 1.511936349696419983e-57
4.102409638554217253e+00 2.159964543683564005e-55
4.122489959839357176e+00 2.468118044242819244e-53
4.142570281124497988e+00 2.278614601992270846e-51
4.162650602409638800e+00 1.716101457290614612e-49
4.182730923694778724e+00 1.064080919858269453e-47
4.202811244979919536e+00 5.479967341743582336e-46
4.222891566265060348e+00 2.363701327353399035e-44
4.242971887550201160e+00 8.607830744229661180e-43
4.263052208835341084e+00 2.666855151399950604e-41
4.283132530120481896e+00 7.080727020105133464e-40
4.303212851405622708e+00 1.622385010847096948e-38
4.323293172690762631e+00 3.229355650200281694e-37
4.343373493975903443e+00 5.619807230376332468e-36
4.363453815261044255e+00 8.602083666384279279e-35
4.383534136546185067e+00 1.164868121721095608e-33
4.403614457831324991e+00 1.403270102275471504e-32
4.423694779116465803e+00 1.511782566385158347e-31
4.443775100401606615e+00 1.463893869166151476e-30
4.463855421686746539e+00 1.280241558774502626e-29
4.483935742971887350e+00 1.015855432589133141e-28
4.504016064257028162e+00 7.345731297304569337e-28
4.524096385542168974e+00 4.860945132634925594e-27
4.544176706827309786e+00 2.955468681005595512e-26
4.564257028112449710e+00 1.657338240558013743e-25
4.584337349397590522e+00 8.603192441834204308e-25
4.604417670682730446e+00 4.148443373747634732e-24
4.624497991967871258e+00 1.864372997098841721e-23
4.644578313253012070e+00 7.833970301582733875e-23
4.664658634538152882e+00 3.087094131890221410e-22
4.684738955823293693e+00 1.144181690056602464e-21
4.704819277108433617e+00 3.999625686094854866e-21
4.724899598393574429e+00 1.322121489078839373e-20
4.744979919678714353e+00 4.143318863150476497e-20
4.765060240963855165e+00 1.233951400551163113e-19
4.785140562248995977e+00 3.500410392758783267e-19
4.805220883534136789e+00 9.479044708922086634e-19
4.825301204819277601e+00 2.455533856201049792e-18
4.845381526104417524e+00 6.097245340611390893e-18
4.865461847389558336e+00 1.453985340210725615e-17
4.885542168674698260e+00 3.335958455426513607e-17
4.905622489959839072e+00 7.376940825153225057e-17
4.925702811244979884e+00 1.574904328322892091e-16
4.945783132530120696e+00 3.251206154023541495e-16
4.965863453815261508e+00 6.499861265669283637e-16
4.985943775100401432e+00 1.260261510163383167e-15
5.006024096385542244e+00 2.373090753296986897e-15
5.026104417670682167e+00 4.345489787956639208e-15
5.046184738955822979e+00 7.747869475040076806e-15
5.066265060240963791e+00 1.346696062764720313e-14
5.086345381526104603e+00 2.284559517894366120e-14
5.106425702811245415e+00 3.786703768333299148e-14
5.126506024096385339e+00 6.139127430998209933e-14
5.146586345381526151e+00 9.744833955681478775e-14
5.166666666666666963e+00 1.515914995885470608e-13
5.186746987951806886e+00 2.313124741164693903e-13
5.206827309236947698e+00 3.465138409875832421e-13
5.226907630522088510e+00 5.100305142068291255e-13
5.246987951807229322e+00 7.381871505478078111e-13
5.267068273092369246e+00 1.051373497020442112e-12
5.287148594377510058e+00 1.474618309398355094e-12
5.307228915662650870e+00 2.038140268377757406e-12
5.327309236947790794e+00 2.777841610836443992e-12
5.347389558232931606e+00 3.735723974114465220e-12
5.367469879518072418e+00 4.960202196069910082e-12
5.387550200803213230e+00 6.506295118017567174e-12
5.407630522088353153e+00 8.435642164531700812e-12
5.427710843373493965e+00 1.081619234812628922e-11
5.447791164658634777e+00 1.372182405257736888e-11
5.467871485943774701e+00 1.723177147081294486e-11
5.487951807228915513e+00 2.142985376737415183e-11
5.508032128514056325e+00 2.640364914329652710e-11
5.528112449799197137e+00 3.224338794203572657e-11
5.548192771084337949e+00 3.904070188963141030e-11
5.568273092369477872e+00 4.688732657901570776e-11
5.588353413654618684e+00 5.587373661999175526e-11
5.608433734939758608e+00 6.608775749898294516e-11
5.628514056224899420e+00 7.761319440194776449e-11
5.648594377510040232e+00 9.052851626676689075e-11
5.668674698795181044e+00 1.049056320123360821e-10
5.688755020080321856e+00 1.208087586455533742e-10
5.708835341365461780e+00 1.382932697255536047e-10
5.728915662650602592e+00 1.574049465728866995e-10
5.748995983935742515e+00 1.781794748214657693e-10
5.769076305220883327e+00 2.006429291744698611e-10
5.789156626506024139e+00 2.248122081901081335e-10
5.809236947791164951e+00 2.506930723057092607e-10
5.829317269076305763e+00 2.782792840516826271e-10
5.849397590361445687e+00 3.075540376203247241e-10
5.869477911646586499e+00 3.384904825366637625e-10
5.889558232931726423e+00 3.710522844082215173e-10
5.909638554216867234e+00 4.051935447274621827e-10
5.929718875502008046e+00 4.408594050296532899e-10
5.949799196787148858e+00 4.779873268813327567e-10
5.969879518072289670e+00 5.165079425423740781e-10
5.989959839357429594e+00 5.563458969900974590e-10
6.010040160642570406e+00 5.974206101846698490e-10
6.030120481927710330e+00 6.396469569187541430e-10
6.050200803212851142e+00 6.829361026085573013e-10
6.070281124497991954e+00 7.271961901489176532e-10
6.090361445783132766e+00 7.723329288745625461e-10
6.110441767068273577e+00 8.182501038614733556e-10
6.130522088353413501e+00 8.648500063779545719e-10
6.150602409638554313e+00 9.120345373312084213e-10
6.170682730923694237e+00 9.597072842119441937e-10
6.190763052208835049e+00 1.007770524787707701e-09
6.210843373493975861e+00 1.056126493945860829e-09
6.230923694779116673e+00 1.104677761569685955e-09
6.251004016064257485e+00 1.153327751500150867e-09
6.271084337349397408e+00 1.201981164738585014e-09
6.291164658634538220e+00 1.250544288834906582e-09
6.311244979919678144e+00 1.298925301872287057e-09
6.331325301204818956e+00 1.347034294778653142e-09
6.351405622489959768e+00 1.394783613709501971e-09
6.371485943775100580e+00 1.442088509853993431e-09
6.391566265060241392e+00 1.488867510353252569e-09
6.411646586345381316e+00 1.535042767176646494e-09
6.431726907630522128e+00 1.580540415634456310e-09
6.451807228915662051e+00 1.625290929842216834e-09
6.471887550200802863e+00 1.669229441325695300e-09
6.491967871485943675e+00 1.712295634988693956e-09
6.512048192771084487e+00 1.754433861284719790e-09
6.532128514056225299e+00 1.795591016375176470e-09
6.552208835341365223e+00 1.835715423625888326e-09
6.572289156626506035e+00 1.874757377338298389e-09
6.592369477911645959e+00 1.912669883663687629e-09
6.612449799196786770e+00 1.949410310999412570e-09
6.632530120481927582e+00 1.984940444027523655e-09
6.652610441767068394e+00 2.019226466229690975e-09
6.672690763052209206e+00 2.052238908292282980e-09
6.692771084337350018e+00 2.083952564422824983e-09
6.712851405622489942e+00 2.114346322239548484e-09
6.732931726907629866e+00 2.143402943819030155e-09
6.753012048192770678e+00 2.171109040806661390e-09
6.773092369477911490e+00 2.197454915786036826e-09
6.793172690763052302e+00 2.222434214423349240e-09
6.813253012048193114e+00 2.246042529032967269e-09
6.833333333333333925e+00 2.268277770677502426e-09
6.853413654618473849e+00 2.289140771549448806e-09
6.873493975903614661e+00 2.308635291901283230e-09
6.893574297188754585e+00 2.326768742924336574e-09
6.913654618473895397e+00 2.343551374120000454e-09
6.933734939759036209e+00 2.358995671248423752e-09
6.953815261044177021e+00 2.373116376834650464e-09
6.973895582329317833e+00 2.385930421155463017e-09
6.993975903614457756e+00 2.397456736296685169e-09
7.014056224899598568e+00 2.407716073899874213e-09
7.034136546184738492e+00 2.416730826315815269e-09
7.054216867469879304e+00 2.424524855161494230e-09
7.074297188755020116e+00 2.431123329191363457e-09
7.094377510040160928e+00 2.436552567110221679e-09
7.114457831325301740e+00 2.440839887866112399e-09
7.134538152610441664e+00 2.444013468883018387e-09
7.154618473895582476e+00 2.446102212306646679e-09
7.174698795180722399e+00 2.447135603649335711e-09
7.194779116465863211e+00 2.447142861234955230e-09
7.214859437751004023e+00 2.446152410459558448e-09
7.234939759036144835e+00 2.444193043339455840e-09
7.255020080321285647e+00 2.441293957536588942e-09
7.275100401606425571e+00 2.437484589813281470e-09
7.295180722891566383e+00 2.432793727076909257e-09
7.315261044176706307e+00 2.427249673491197508e-09
7.335341365461847118e+00 2.420880709605793925e-09
7.355421686746987930e+00 2.413715021089664004e-09
7.375502008032128742e+00 2.405780664061248340e-09
7.395582329317269554e+00 2.397105521659300017e-09
7.415662650602409478e+00 2.387717257292424336e-09
7.435742971887550290e+00 2.377643272598636656e-09
7.455823293172690214e+00 2.366910669784342780e-09
7.475903614457831026e+00 2.355546218014050928e-09
7.495983935742971838e+00 2.343576323530578114e-09
7.516064257028112650e+00 2.331027003198312284e-09
7.536144578313252573e+00 2.317923858067790901e-09
7.556224899598393385e+00 2.304292018317509685e-09
7.576305220883534197e+00 2.290156094839717167e-09
7.596385542168675009e+00 2.275539948165315228e-09
7.616465863453814933e+00 2.260466765297203631e-09
7.636546184738955745e+00 2.244959271998057588e-09
7.656626506024096557e+00 2.229039763362460811e-09
7.676706827309237369e+00 2.212730092293786580e-09
7.696787148594377292e+00 2.196051659582575745e-09
7.716867469879518104e+00 2.179025405469113331e-09
7.736947791164658916e+00 2.161671802584667889e-09
7.757028112449798840e+00 2.144010850176417963e-09
7.777108433734939652e+00 2.126062069530460351e-09
7.797188755020080464e+00 2.107844500420150076e-09
7.817269076305221276e+00 2.089376675957670268e-09
7.837349397590361200e+00 2.070676597232412365e-09
7.857429718875502012e+00 2.051761784666349613e-09
7.877510040160642824e+00 2.032649285055373565e-09
7.897590361445782747e+00 2.013355669649543126e-09
7.917670682730923559e+00 1.993896888513110498e-09
7.937751004016064371e+00 1.974288183791744200e-09
7.957831325301205183e+00 1.954544347588837062e-09
7.977911646586345107e+00 1.934679751748990383e-09
7.997991967871485919e+00 1.914708350279820508e-09
8.018072289156627619e+00 1.894643682046701922e-09
8.038152610441766655e+00 1.874498873740435685e-09
8.058232931726907466e+00 1.854286643118905736e-09
8.078313253012048278e+00 1.834019302523965889e-09
8.098393574297189090e+00 1.813708762674380999e-09
8.118473895582329902e+00 1.793366536734720533e-09
8.138554216867468938e+00 1.773003744658835160e-09
8.158634538152611526e+00 1.752631117804938934e-09
8.178714859437750562e+00 1.732259003817726659e-09
8.198795180722891374e+00 1.711897368469424618e-09
8.218875502008032186e+00 1.691555771300975476e-09
8.238955823293172998e+00 1.671243391091882044e-09
8.259036144578313809e+00 1.650969053497090960e-09
8.279116465863452845e+00 1.630741236439324372e-09
8.299196787148595433e+00 1.610568061210518229e-09
8.319277108433734469e+00 1.590457246713604249e-09
8.339357429718875281e+00 1.570416173659833675e-09
8.359437751004016093e+00 1.550451912918273954e-09
8.379518072289156905e+00 1.530571230490911964e-09
8.399598393574297717e+00 1.510780592727847035e-09
8.419678714859436752e+00 1.491086171770342252e-09
8.439759036144579341e+00 1.471493851201944963e-09
8.459839357429718376e+00 1.452009231887311536e-09
8.479919678714859188e+00 1.432637637977909595e-09
8.500000000000000000e+00 1.413384123063817312e-09
