# log10(T) rate(cm^3/s)
# Collisional Rates
3.500000000000000000e+00 0.000000000000000000e+00
3.520080321285140368e+00 0.000000000000000000e+00
3.540160642570281180e+00 0.000000000000000000e+00
3.560240963855421548e+00 0.000000000000000000e+00
3.580321285140562360e+00 0.000000000000000000e+00
3.600401606425702727e+00 0.000000000000000000e+00
3.620481927710843539e+00 0.000000000000000000e+00
3.640562248995983907e+00 0.000000000000000000e+00
3.660642570281124719e+00 0.000000000000000000e+00
3.680722891566265087e+00 0.000000000000000000e+00
3.700803212851405455e+00 0.000000000000000000e+00
3.720883534136546267e+00 0.000000000000000000e+00
3.740963855421686635e+00 0.000000000000000000e+00
3.761044176706827447e+00 0.000000000000000000e+00
3.781124497991967814e+00 0.000000000000000000e+00
3.801204819277108626e+00 0.000000000000000000e+00
3.821285140562248994e+00 0.000000000000000000e+00
3.841365461847389362e+00 0.000000000000000000e+00
3.861445783132530174e+00 0.000000000000000000e+00
3.881526104417670542e+00 0.000000000000000000e+00
3.901606425702811354e+00 0.000000000000000000e+00
3.921686746987951722e+00 0.000000000000000000e+00
3.941767068273092534e+00 0.000000000000000000e+00
3.961847389558232901e+00 0.000000000000000000e+00
3.981927710843373269e+00 0.000000000000000000e+00
4.002008032128514081e+00 0.000000000000000000e+00
4.022088353413654893e+00 0.000000000000000000e+00
4.042168674698794817e+00 0.000000000000000000e+00
4.062248995983935629e+00 0.000000000000000000e+00
4.082329317269076441e+00 5.065655066810300817e-320
4.102409638554217253e+00 4.397324820774184081e-306
4.122489959839357176e+00 8.961619264396708292e-293
4.142570281124497988e+00 4.577946630104380920e-280
4.162650602409638800e+00 6.240117335522137874e-268
4.182730923694778724e+00 2.409224425655965975e-256
4.202811244979919536e+00 2.789186256282328089e-245
4.222891566265060348e+00 1.022417694007717410e-234
4.242971887550201160e+00 1.249961613161864724e-224
4.263052208835341084e+00 5.355865938007113193e-215
4.283132530120481896e+00 8.433367877247650076e-206
4.303212851405622708e+00 5.105693400214281698e-197
4.323293172690762631e+00 1.240929651784106169e-188
4.343373493975903443e+00 1.261790462559953168e-180
4.363453815261044255e+00 5.583090419286650253e-173
4.383534136546185067e+00 1.116185750212336645e-165
4.403614457831324991e+00 1.045109970602782811e-158
4.423694779116465803e+00 4.742814343126358031e-152
4.443775100401606615e+00 1.077881979165788125e-145
4.463855421686746539e+00 1.265719297933296540e-139
4.483935742971887350e+00 7.912098358675275010e-134
4.504016064257028162e+00 2.708978481002765404e-128
4.524096385542168974e+00 5.220252854061354800e-123
4.544176706827309786e+00 5.810699029478667193e-118
4.564257028112449710e+00 3.829880244411821510e-113
4.584337349397590522e+00 1.530539286132502397e-108
4.604417670682730446e+00 3.793360540958918146e-104
4.624497991967871258e+00 5.957970717949564387e-100
4.644578313253012070e+00 6.053657825546286957e-96
4.664658634538152882e+00 4.058157056730683892e-92
4.684738955823293693e+00 1.828905847148742448e-88
4.704819277108433617e+00 5.641527065756859722e-85
4.724899598393574429e+00 1.211669238362471887e-81
4.744979919678714353e+00 1.841860171699694137e-78
4.765060240963855165e+00 2.012780978766828008e-75
4.785140562248995977e+00 1.605015838684028578e-72
4.805220883534136789e+00 9.473012195644125627e-70
4.825301204819277601e+00 4.194946946865057086e-67
4.845381526104417524e+00 1.411988979131555640e-64
4.865461847389558336e+00 3.657503350820548889e-62
4.885542168674698260e+00 7.377779481339753382e-60
4.905622489959839072e+00 1.172089609219220354e-57
4.925702811244979884e+00 1.482433205827297219e-55
4.945783132530120696e+00 1.508140760088960379e-53
4.965863453815261508e+00 1.246327421252929495e-51
4.985943775100401432e+00 8.445474284020709153e-50
5.006024096385542244e+00 4.734905957230126101e-48
5.026104417670682167e+00 2.215194814812125908e-46
5.046184738955822979e+00 8.719178529134815574e-45
5.066265060240963791e+00 2.909991285209671665e-43
5.086345381526104603e+00 8.296530362734648796e-42
5.106425702811245415e+00 2.035073038460679504e-40
5.126506024096385339e+00 4.324067872150160911e-39
5.146586345381526151e+00 8.010341156298953562e-38
5.166666666666666963e+00 1.301802879930747016e-36
5.186746987951806886e+00 1.866995583564605518e-35
5.206827309236947698e+00 2.376278208429840768e-34
5.226907630522088510e+00 2.698661939982922776e-33
5.246987951807229322e+00 2.748731726546234071e-32
5.267068273092369246e+00 2.523384007026563124e-31
5.287148594377510058e+00 2.097681031662731775e-30
5.307228915662650870e+00 1.586158457393159592e-29
5.327309236947790794e+00 1.095626882106640938e-28
5.347389558232931606e+00 6.941635361907217269e-28
5.367469879518072418e+00 4.049839286705896991e-27
5.387550200803213230e+00 2.183775517439277769e-26
5.407630522088353153e+00 1.092236479193595814e-25
5.427710843373493965e+00 5.084384089172264819e-25
5.447791164658634777e+00 2.209942215886118931e-24
5.467871485943774701e+00 8.996813001386307095e-24
5.487951807228915513e+00 3.440687914227826190e-23
5.508032128514056325e+00 1.239585036655487405e-22
5.528112449799197137e+00 4.218442451167557742e-22
5.548192771084337949e+00 1.359534297517722082e-21
5.568273092369477872e+00 4.159656630407890623e-21
5.588353413654618684e+00 1.211080350740576006e-20
5.608433734939758608e+00 3.362865614490018472e-20
5.628514056224899420e+00 8.924752433508129471e-20
5.648594377510040232e+00 2.268402364096435344e-19
5.668674698795181044e+00 5.532588819867042672e-19
5.688755020080321856e+00 1.297269016258806651e-18
5.708835341365461780e+00 2.929527218698242215e-18
5.728915662650602592e+00 6.382172911076293011e-18
5.748995983935742515e+00 1.343530752027729350e-17
5.769076305220883327e+00 2.737205742395104549e-17
5.789156626506024139e+00 5.404935951330915472e-17
5.809236947791164951e+00 1.035882424196183465e-16
5.829317269076305763e+00 1.929536811712736661e-16
5.849397590361445687e+00 3.497662627771889531e-16
5.869477911646586499e+00 6.177594821348087739e-16
5.889558232931726423e+00 1.064358630983782177e-15
5.909638554216867234e+00 1.790898994694146158e-15
5.929718875502008046e+00 2.946009158345099662e-15
5.949799196787148858e+00 4.742651370632016832e-15
5.969879518072289670e+00 7.479226535274561148e-15
5.989959839357429594e+00 1.156500386242828275e-14
6.010040160642570406e+00 1.754993565222038367e-14
6.030120481927710330e+00 2.615866713809819445e-14
6.050200803212851142e+00 3.832826146270647434e-14
6.070281124497991954e+00 5.524877612940652013e-14
6.090361445783132766e+00 7.840556983439832374e-14
6.110441767068273577e+00 1.096220818320442635e-13
6.130522088353413501e+00 1.511013861116872276e-13
6.150602409638554313e+00 2.054647865897849508e-13
6.170682730923694237e+00 2.757856413561839265e-13
6.190763052208835049e+00 3.656166556014514737e-13
6.210843373493975861e+00 4.790090032473801455e-13
6.230923694779116673e+00 6.205207450135141353e-13
6.251004016064257485e+00 7.952116337127213925e-13
6.271084337349397408e+00 1.008629087024652859e-12
6.291164658634538220e+00 1.266781680571557752e-12
6.311244979919678144e+00 1.576100192625180204e-12
6.331325301204818956e+00 1.943387213734709103e-12
6.351405622489959768e+00 2.375756102886564824e-12
6.371485943775100580e+00 2.880556702313002283e-12
6.391566265060241392e+00 3.465295318523718958e-12
6.411646586345381316e+00 4.137552665263542771e-12
6.431726907630522128e+00 4.904893247958122806e-12
6.451807228915662051e+00 5.774741464676602720e-12
6.471887550200802863e+00 6.754283725945484710e-12
6.491967871485943675e+00 7.850385916502683462e-12
6.512048192771084487e+00 9.069502443907386131e-12
6.532128514056225299e+00 1.041757234820980561e-11
6.552208835341365223e+00 1.189990949971445310e-11
6.572289156626506035e+00 1.352115497988900501e-11
6.592369477911645959e+00 1.528522224539321413e-11
6.612449799196786770e+00 1.719525021137842587e-11
6.632530120481927582e+00 1.925356889979966406e-11
6.652610441767068394e+00 2.146167212448444452e-11
6.672690763052209206e+00 2.382020148242237793e-11
6.692771084337350018e+00 2.632895649900615191e-11
6.712851405622489942e+00 2.898681853148584183e-11
6.732931726907629866e+00 3.179161731101991404e-11
6.753012048192770678e+00 3.474008462097911440e-11
6.773092369477911490e+00 3.782798773662075766e-11
6.793172690763052302e+00 4.105022918994641412e-11
6.813253012048193114e+00 4.440089287157497697e-11
6.833333333333333925e+00 4.787326130928593346e-11
6.853413654618473849e+00 5.145991457856930616e-11
6.873493975903614661e+00 5.515282641600495098e-11
6.893574297188754585e+00 5.894344930239095549e-11
6.913654618473895397e+00 6.282280104172782780e-11
6.933734939759036209e+00 6.678155259557288959e-11
6.953815261044177021e+00 7.081011579118498945e-11
6.973895582329317833e+00 7.489872930902108421e-11
6.993975903614457756e+00 7.903752386473190218e-11
7.014056224899598568e+00 8.321627350033407312e-11
7.034136546184738492e+00 8.742427296845289366e-11
7.054216867469879304e+00 9.165074995933092344e-11
7.074297188755020116e+00 9.588505845609973332e-11
7.094377510040160928e+00 1.001167186272141112e-10
7.114457831325301740e+00 1.043351912463976476e-10
7.134538152610441664e+00 1.085300573408713977e-10
7.154618473895582476e+00 1.126912019256635368e-10
7.174698795180722399e+00 1.168088465309959550e-10
7.194779116465863211e+00 1.208736260941218102e-10
7.214859437751004023e+00 1.248766370625210798e-10
7.234939759036144835e+00 1.288094721895944214e-10
7.255020080321285647e+00 1.326642487369305099e-10
7.275100401606425571e+00 1.364336300861822445e-10
7.295180722891566383e+00 1.401107431748076561e-10
7.315261044176706307e+00 1.436890285401013042e-10
7.335341365461847118e+00 1.471624713879145139e-10
7.355421686746987930e+00 1.505256409284755861e-10
7.375502008032128742e+00 1.537736302510485834e-10
7.395582329317269554e+00 1.569019733094397278e-10
7.415662650602409478e+00 1.599062372257751606e-10
7.435742971887550290e+00 1.627823952824670301e-10
7.455823293172690214e+00 1.655269725330595944e-10
7.475903614457831026e+00 1.681370388855342077e-10
7.495983935742971838e+00 1.706101995663801406e-10
7.516064257028112650e+00 1.729445830428907255e-10
7.536144578313252573e+00 1.751388257872095805e-10
7.556224899598393385e+00 1.771920554856344432e-10
7.576305220883534197e+00 1.791038725478270047e-10
7.596385542168675009e+00 1.808743300596180054e-10
7.616465863453814933e+00 1.825039113781415124e-10
7.636546184738955745e+00 1.839934498053854858e-10
7.656626506024096557e+00 1.853440830366497506e-10
7.676706827309237369e+00 1.865573057259083877e-10
7.696787148594377292e+00 1.876347661524531099e-10
7.716867469879518104e+00 1.885783193769624664e-10
7.736947791164658916e+00 1.893901467899099722e-10
7.757028112449798840e+00 1.900727345164450819e-10
7.777108433734939652e+00 1.906288483822707659e-10
7.797188755020080464e+00 1.910615084612703428e-10
7.817269076305221276e+00 1.913739431572030796e-10
7.837349397590361200e+00 1.915694373064301649e-10
7.857429718875502012e+00 1.916513789514980901e-10
7.877510040160642824e+00 1.916232964342358515e-10
7.897590361445782747e+00 1.914888350373083875e-10
7.917670682730923559e+00 1.912517323385610214e-10
7.937751004016064371e+00 1.909157968063968738e-10
7.957831325301205183e+00 1.904848875318037552e-10
7.977911646586345107e+00 1.899628950856230225e-10
7.997991967871485919e+00 1.893537235745378959e-10
8.018072289156627619e+00 1.886612615020284462e-10
8.038152610441766655e+00 1.878893020714757279e-10
8.058232931726907466e+00 1.870415881647376397e-10
8.078313253012048278e+00 1.861218335087176706e-10
8.098393574297189090e+00 1.851337102945340399e-10
8.118473895582329902e+00 1.840807926678602410e-10
8.138554216867468938e+00 1.829664114811120437e-10
8.158634538152611526e+00 1.817937889356110038e-10
8.178714859437750562e+00 1.805660766116956553e-10
8.198795180722891374e+00 1.792863506368653611e-10
8.218875502008032186e+00 1.779576086865064397e-10
8.238955823293172998e+00 1.765827678165332474e-10
8.259036144578313809e+00 1.751646630354876795e-10
8.279116465863452845e+00 1.737060465239531756e-10
8.299196787148595433e+00 1.722095874112410291e-10
8.319277108433734469e+00 1.706778720229726264e-10
8.339357429718875281e+00 1.691134045181337592e-10
8.359437751004016093e+00 1.675186078401880898e-10
8.379518072289156905e+00 1.658958249136044786e-10
8.399598393574297717e+00 1.642473145647079731e-10
8.419678714859436752e+00 1.625751986208880260e-10
8.439759036144579341e+00 1.608814922919958416e-10
8.459839357429718376e+00 1.591681462289971014e-10
8.479919678714859188e+00 1.574370488686579849e-10
8.500000000000000000e+00 1.556900280265313246e-10
