# log10(T) rate(cm^3/s)
# Collisional Rates
3.500000000000000000e+00 0.000000000000000000e+00
3.520080321285140368e+00 0.000000000000000000e+00
3.540160642570281180e+00 0.000000000000000000e+00
3.560240963855421548e+00 0.000000000000000000e+00
3.580321285140562360e+00 0.000000000000000000e+00
3.600401606425702727e+00 0.000000000000000000e+00
3.620481927710843539e+00 0.000000000000000000e+00
3.640562248995983907e+00 0.000000000000000000e+00
3.660642570281124719e+00 0.000000000000000000e+00
3.680722891566265087e+00 0.000000000000000000e+00
3.700803212851405455e+00 0.000000000000000000e+00
3.720883534136546267e+00 0.000000000000000000e+00
3.740963855421686635e+00 0.000000000000000000e+00
3.761044176706827447e+00 0.000000000000000000e+00
3.781124497991967814e+00 0.000000000000000000e+00
3.801204819277108626e+00 0.000000000000000000e+00
3.821285140562248994e+00 0.000000000000000000e+00
3.841365461847389362e+00 0.000000000000000000e+00
3.861445783132530174e+00 0.000000000000000000e+00
3.881526104417670542e+00 0.000000000000000000e+00
3.901606425702811354e+00 0.000000000000000000e+00
3.921686746987951722e+00 0.000000000000000000e+00
3.941767068273092534e+00 0.000000000000000000e+00
3.961847389558232901e+00 0.000000000000000000e+00
3.981927710843373269e+00 0.000000000000000000e+00
4.002008032128514081e+00 0.000000000000000000e+00
4.022088353413654893e+00 0.000000000000000000e+00
4.042168674698794817e+00 0.000000000000000000e+00
4.062248995983935629e+00 0.000000000000000000e+00
4.082329317269076441e+00 0.000000000000000000e+00
4.102409638554217253e+00 0.000000000000000000e+00
4.122489959839357176e+00 0.000000000000000000e+00
4.142570281124497988e+00 0.000000000000000000e+00
4.162650602409638800e+00 4.416414455341013140e-314
4.182730923694778724e+00 1.994694287792195927e-300
4.202811244979919536e+00 2.178478244077409748e-287
4.222891566265060348e+00 6.134194807664497505e-275
4.242971887550201160e+00 4.734648500580733218e-263
4.263052208835341084e+00 1.062038643386840055e-251
4.283132530120481896e+00 7.320897436767999496e-241
4.303212851405622708e+00 1.635735587307895934e-230
4.323293172690762631e+00 1.246504459899960345e-220
4.343373493975903443e+00 3.401063979264591642e-211
4.363453815261044255e+00 3.480410783435923126e-202
4.383534136546185067e+00 1.396319434773266231e-193
4.403614457831324991e+00 2.291141659902511488e-185
4.423694779116465803e+00 1.600943681810502016e-177
4.443775100401606615e+00 4.951177155450591118e-170
4.463855421686746539e+00 7.031429316825318932e-163
4.483935742971887350e+00 4.749558431483830228e-156
4.504016064257028162e+00 1.578043618760447536e-149
4.524096385542168974e+00 2.662954372873617467e-143
4.544176706827309786e+00 2.353320624720367711e-137
4.564257028112449710e+00 1.121409295180217645e-131
4.584337349397590522e+00 2.963004827465838822e-126
4.604417670682730446e+00 4.458179811276720829e-121
4.624497991967871258e+00 3.918219781548952785e-116
4.644578313253012070e+00 2.060989194268022583e-111
4.664658634538152882e+00 6.640356069232943253e-107
4.684738955823293693e+00 1.339842078139111322e-102
4.704819277108433617e+00 1.729201948948588714e-98
4.724899598393574429e+00 1.456585511933383419e-94
4.744979919678714353e+00 8.163878244224717671e-91
4.765060240963855165e+00 3.101138088459838693e-87
4.785140562248995977e+00 8.125354496786897184e-84
4.805220883534136789e+00 1.493302648589419989e-80
4.825301204819277601e+00 1.956122392389857190e-77
4.845381526104417524e+00 1.854516999060416529e-74
4.865461847389558336e+00 1.291207154336909076e-71
4.885542168674698260e+00 6.694966137770723882e-69
4.905622489959839072e+00 2.619820499684505504e-66
4.925702811244979884e+00 7.835872642286480365e-64
4.945783132530120696e+00 1.813294473067386274e-61
4.965863453815261508e+00 3.284343989899342286e-59
4.985943775100401432e+00 4.707983847785089988e-57
5.006024096385542244e+00 5.397800113240935050e-55
5.026104417670682167e+00 5.000071496297279387e-53
5.046184738955822979e+00 3.778307108487382105e-51
5.066265060240963791e+00 2.350579138741623842e-49
5.086345381526104603e+00 1.214572641963389184e-47
5.106425702811245415e+00 5.256360395250911287e-46
5.126506024096385339e+00 1.920601342653745105e-44
5.146586345381526151e+00 5.970353501956583176e-43
5.166666666666666963e+00 1.590537085250186327e-41
5.186746987951806886e+00 3.656751256958230987e-40
5.206827309236947698e+00 7.303735385329561811e-39
5.226907630522088510e+00 1.275416797663955880e-37
5.246987951807229322e+00 1.959076986174588103e-36
5.267068273092369246e+00 2.662311270633952573e-35
5.287148594377510058e+00 3.218667377875295751e-34
5.307228915662650870e+00 3.480140029090521989e-33
5.327309236947790794e+00 3.382286885839615792e-32
5.347389558232931606e+00 2.968985228270331854e-31
5.367469879518072418e+00 2.364752901045332237e-30
5.387550200803213230e+00 1.716523122438876812e-29
5.407630522088353153e+00 1.140301187825779346e-28
5.427710843373493965e+00 6.960382782056753215e-28
5.447791164658634777e+00 3.918766189122439207e-27
5.467871485943774701e+00 2.042454145560081986e-26
5.487951807228915513e+00 9.889047346251779592e-26
5.508032128514056325e+00 4.462722121771167122e-25
5.528112449799197137e+00 1.883073492218050513e-24
5.548192771084337949e+00 7.452005756378396255e-24
5.568273092369477872e+00 2.773795998247361944e-23
5.588353413654618684e+00 9.738036227223267514e-23
5.608433734939758608e+00 3.233029280342982752e-22
5.628514056224899420e+00 1.017614570624025580e-21
5.648594377510040232e+00 3.043946395742330237e-21
5.668674698795181044e+00 8.672973816961135539e-21
5.688755020080321856e+00 2.359003975397085686e-20
5.708835341365461780e+00 6.138017247463161378e-20
5.728915662650602592e+00 1.530856239581517690e-19
5.748995983935742515e+00 3.666708687817029545e-19
5.769076305220883327e+00 8.449780747941463096e-19
5.789156626506024139e+00 1.876709512484455854e-18
5.809236947791164951e+00 4.023950481584697580e-18
5.829317269076305763e+00 8.342590003273893777e-18
5.849397590361445687e+00 1.674940790777077444e-17
5.869477911646586499e+00 3.261190256464229871e-17
5.889558232931726423e+00 6.166380979877232336e-17
5.909638554216867234e+00 1.133794653236770773e-16
5.929718875502008046e+00 2.029713205144172629e-16
5.949799196787148858e+00 3.542034771702063269e-16
5.969879518072289670e+00 6.032354546817317471e-16
5.989959839357429594e+00 1.003719260570234222e-15
6.010040160642570406e+00 1.633363843027534044e-15
6.030120481927710330e+00 2.602149488445799244e-15
6.050200803212851142e+00 4.062317526024218899e-15
6.070281124497991954e+00 6.220176918525448373e-15
6.090361445783132766e+00 9.349660866197001363e-15
6.110441767068273577e+00 1.380743837411873793e-14
6.130522088353413501e+00 2.004924563739411843e-14
6.150602409638554313e+00 2.864696018262927768e-14
6.170682730923694237e+00 4.030580845252538630e-14
6.190763052208835049e+00 5.588098666830357502e-14
6.210843373493975861e+00 7.639289612388651497e-14
6.230923694779116673e+00 1.030401562304331673e-13
6.251004016064257485e+00 1.372095673041896486e-13
6.271084337349397408e+00 1.804822523467879774e-13
6.291164658634538220e+00 2.346353111891180704e-13
6.311244979919678144e+00 3.016384660485047989e-13
6.331325301204818956e+00 3.836453564217333088e-13
6.351405622489959768e+00 4.829793426887534796e-13
6.371485943775100580e+00 6.021138899255692848e-13
6.391566265060241392e+00 7.436478140186115326e-13
6.411646586345381316e+00 9.102758696868667337e-13
6.431726907630522128e+00 1.104755334352131831e-12
6.451807228915662051e+00 1.329869384901772096e-12
6.471887550200802863e+00 1.588388170633716248e-12
6.491967871485943675e+00 1.883028551990646369e-12
6.512048192771084487e+00 2.216413500504239532e-12
6.532128514056225299e+00 2.591032142351620824e-12
6.552208835341365223e+00 3.009201379628687964e-12
6.572289156626506035e+00 3.473029944855663368e-12
6.592369477911645959e+00 3.984385641294060229e-12
6.612449799196786770e+00 4.544866400811764823e-12
6.632530120481927582e+00 5.155775658789472537e-12
6.652610441767068394e+00 5.818102408141199426e-12
6.672690763052209206e+00 6.532506157570356763e-12
6.692771084337350018e+00 7.299306887585226407e-12
6.712851405622489942e+00 8.118479975543875234e-12
6.732931726907629866e+00 8.989655951142369920e-12
6.753012048192770678e+00 9.912124848425014134e-12
6.773092369477911490e+00 1.088484484083699791e-11
6.793172690763052302e+00 1.190645478253176902e-11
6.813253012048193114e+00 1.297529023189663721e-11
6.833333333333333925e+00 1.408940250134039040e-11
6.853413654618473849e+00 1.524658025964651325e-11
6.873493975903614661e+00 1.644437320819312175e-11
6.893574297188754585e+00 1.768011735844642411e-11
6.913654618473895397e+00 1.895096145363596355e-11
6.933734939759036209e+00 2.025389410068342263e-11
6.953815261044177021e+00 2.158577120762522706e-11
6.973895582329317833e+00 2.294334335536872183e-11
6.993975903614457756e+00 2.432328276923790723e-11
7.014056224899598568e+00 2.572220959413411844e-11
7.034136546184738492e+00 2.713671721617177630e-11
7.054216867469879304e+00 2.856339641244218136e-11
7.074297188755020116e+00 2.999885814835714318e-11
7.094377510040160928e+00 3.143975487825473436e-11
7.114457831325301740e+00 3.288280023915652140e-11
7.134538152610441664e+00 3.432478705944151051e-11
7.154618473895582476e+00 3.576260363352819413e-11
7.174698795180722399e+00 3.719324824031089327e-11
7.194779116465863211e+00 3.861384190702988578e-11
7.214859437751004023e+00 4.002163944145866465e-11
7.234939759036144835e+00 4.141403877381970213e-11
7.255020080321285647e+00 4.278858866574954427e-11
7.275100401606425571e+00 4.414299485702612774e-11
7.295180722891566383e+00 4.547512473174466603e-11
7.315261044176706307e+00 4.678301059429905036e-11
7.335341365461847118e+00 4.806485165202058338e-11
7.355421686746987930e+00 4.931901480576652550e-11
7.375502008032128742e+00 5.054403435228914313e-11
7.395582329317269554e+00 5.173861070298573730e-11
7.415662650602409478e+00 5.290160822280178023e-11
7.435742971887550290e+00 5.403205229079365294e-11
7.455823293172690214e+00 5.512912568033881240e-11
7.475903614457831026e+00 5.619216435239955325e-11
7.495983935742971838e+00 5.722065274979542235e-11
7.516064257028112650e+00 5.821421867432659577e-11
7.536144578313252573e+00 5.917262782201479082e-11
7.556224899598393385e+00 6.009577804489019709e-11
7.576305220883534197e+00 6.098369340084243031e-11
7.596385542168675009e+00 6.183651804624841404e-11
7.616465863453814933e+00 6.265451001954354165e-11
7.636546184738955745e+00 6.343803495775658335e-11
7.656626506024096557e+00 6.418755978238582890e-11
7.676706827309237369e+00 6.490364638594303642e-11
7.696787148594377292e+00 6.558694534607642294e-11
7.716867469879518104e+00 6.623818969043925981e-11
7.736947791164658916e+00 6.685818873238339108e-11
7.757028112449798840e+00 6.744782199510684541e-11
7.777108433734939652e+00 6.800803324001843742e-11
7.797188755020080464e+00 6.853982461373269631e-11
7.817269076305221276e+00 6.904425092719991803e-11
7.837349397590361200e+00 6.952241407991181902e-11
7.857429718875502012e+00 6.997545764181779459e-11
7.877510040160642824e+00 7.040456160544045127e-11
7.897590361445782747e+00 7.081093732060616164e-11
7.917670682730923559e+00 7.119582262412125485e-11
7.937751004016064371e+00 7.156047717655695225e-11
7.957831325301205183e+00 7.190617801799212599e-11
7.977911646586345107e+00 7.223421535405884369e-11
7.997991967871485919e+00 7.254588858290347807e-11
8.018072289156627619e+00 7.284250257270032009e-11
8.038152610441766655e+00 7.312536419812978637e-11
8.058232931726907466e+00 7.339577914276487213e-11
8.078313253012048278e+00 7.365504897262100582e-11
8.098393574297189090e+00 7.390446848424620546e-11
8.118473895582329902e+00 7.414532332869618352e-11
8.138554216867468938e+00 7.437888791060480476e-11
8.158634538152611526e+00 7.460642355936908697e-11
8.178714859437750562e+00 7.482917696727523400e-11
8.198795180722891374e+00 7.504837888725395447e-11
8.218875502008032186e+00 7.526524308091280683e-11
8.238955823293172998e+00 7.548096550561145015e-11
8.259036144578313809e+00 7.569672372765224712e-11
8.279116465863452845e+00 7.591367654719979060e-11
8.299196787148595433e+00 7.613296381934423712e-11
8.319277108433734469e+00 7.635570645480254921e-11
8.339357429718875281e+00 7.658300658312876536e-11
8.359437751004016093e+00 7.681594786097300120e-11
8.379518072289156905e+00 7.705559590789097731e-11
8.399598393574297717e+00 7.730299885244619100e-11
8.419678714859436752e+00 7.755918797184342918e-11
8.439759036144579341e+00 7.782517840906336595e-11
8.459839357429718376e+00 7.810196995239603390e-11
8.479919678714859188e+00 7.839054786337170237e-11
8.500000000000000000e+00 7.869188374031253107e-11
