# log10(T) rate(cm^3/s)
# Collisional Rates
3.500000000000000000e+00 0.000000000000000000e+00
3.520080321285140368e+00 0.000000000000000000e+00
3.540160642570281180e+00 0.000000000000000000e+00
3.560240963855421548e+00 0.000000000000000000e+00
3.580321285140562360e+00 0.000000000000000000e+00
3.600401606425702727e+00 0.000000000000000000e+00
3.620481927710843539e+00 0.000000000000000000e+00
3.640562248995983907e+00 0.000000000000000000e+00
3.660642570281124719e+00 0.000000000000000000e+00
3.680722891566265087e+00 0.000000000000000000e+00
3.700803212851405455e+00 0.000000000000000000e+00
3.720883534136546267e+00 0.000000000000000000e+00
3.740963855421686635e+00 0.000000000000000000e+00
3.761044176706827447e+00 0.000000000000000000e+00
3.781124497991967814e+00 0.000000000000000000e+00
3.801204819277108626e+00 2.287208115154314314e-313
3.821285140562248994e+00 1.071230790425884282e-299
3.841365461847389362e+00 1.211253216806463887e-286
3.861445783132530174e+00 3.525743117132864750e-274
3.881526104417670542e+00 2.809049456523020341e-262
3.901606425702811354e+00 6.495118523794572436e-251
3.921686746987951722e+00 4.609044602150100535e-240
3.941767068273092534e+00 1.058793150200308269e-229
3.961847389558232901e+00 8.285536121083982933e-220
3.981927710843373269e+00 2.318847887930780766e-210
4.002008032128514081e+00 2.431331047596837436e-201
4.022088353413654893e+00 9.983951514355857288e-193
4.042168674698794817e+00 1.675109518441105548e-184
4.062248995983935629e+00 1.195724160507881377e-176
4.082329317269076441e+00 3.774304444957212850e-169
4.102409638554217253e+00 5.466058813113650676e-162
4.122489959839357176e+00 3.762122495338321080e-155
4.142570281124497988e+00 1.272658314574010084e-148
4.162650602409638800e+00 2.184994529655669922e-142
4.182730923694778724e+00 1.963171006079883415e-136
4.202811244979919536e+00 9.504809263083213929e-131
4.222891566265060348e+00 2.550000497733889391e-125
4.242971887550201160e+00 3.893449731582776720e-120
4.263052208835341084e+00 3.470473541420042378e-115
4.283132530120481896e+00 1.850398958148607990e-110
4.303212851405622708e+00 6.040180009803055541e-106
4.323293172690762631e+00 1.234161523158564481e-101
4.343373493975903443e+00 1.612227854839306080e-97
4.363453815261044255e+00 1.374017972352116900e-93
4.383534136546185067e+00 7.788478515486081208e-90
4.403614457831324991e+00 2.990962661042291151e-86
4.423694779116465803e+00 7.919720257720125459e-83
4.443775100401606615e+00 1.470436413505632257e-79
4.463855421686746539e+00 1.945304649916124400e-76
4.483935742971887350e+00 1.862029752373525207e-73
4.504016064257028162e+00 1.308565078469571429e-70
4.524096385542168974e+00 6.846662109673497424e-68
4.544176706827309786e+00 2.702890591710806059e-65
4.564257028112449710e+00 8.154053632368814200e-63
4.584337349397590522e+00 1.902803373054000666e-60
4.604417670682730446e+00 3.474807311132984508e-58
4.624497991967871258e+00 5.021083936205971784e-56
4.644578313253012070e+00 5.802166718751780841e-54
4.664658634538152882e+00 5.416232433379664291e-52
4.684738955823293693e+00 4.123907390557497004e-50
4.704819277108433617e+00 2.584793749349656848e-48
4.724899598393574429e+00 1.345452539707377714e-46
4.744979919678714353e+00 5.865214561623658009e-45
4.765060240963855165e+00 2.158515680593634430e-43
4.785140562248995977e+00 6.757836767846845566e-42
4.805220883534136789e+00 1.813078190107374951e-40
4.825301204819277601e+00 4.197719539059199103e-39
4.845381526104417524e+00 8.442927714388868081e-38
4.865461847389558336e+00 1.484634016954213676e-36
4.885542168674698260e+00 2.296314909063753685e-35
4.905622489959839072e+00 3.142309370363647023e-34
4.925702811244979884e+00 3.825408008470401957e-33
4.945783132530120696e+00 4.165000283247719723e-32
4.965863453815261508e+00 4.076186412295714138e-31
4.985943775100401432e+00 3.603204270800177508e-30
5.006024096385542244e+00 2.890140774201841738e-29
5.026104417670682167e+00 2.112775595829673152e-28
5.046184738955822979e+00 1.413561303462023783e-27
5.066265060240963791e+00 8.690464682063672011e-27
5.086345381526104603e+00 4.928330737881612635e-26
5.106425702811245415e+00 2.587446610035908810e-25
5.126506024096385339e+00 1.262036854305676741e-24
5.146586345381526151e+00 5.737828353431698757e-24
5.166666666666666963e+00 2.439373008143716063e-23
5.186746987951806886e+00 9.727062927478915007e-23
5.206827309236947698e+00 3.648514108831185871e-22
5.226907630522088510e+00 1.290868476100284694e-21
5.246987951807229322e+00 4.319425365285508803e-21
5.267068273092369246e+00 1.370383915464952807e-20
5.287148594377510058e+00 4.132143379406148508e-20
5.307228915662650870e+00 1.186922645976499747e-19
5.327309236947790794e+00 3.254880397279722048e-19
5.347389558232931606e+00 8.539286421220427203e-19
5.367469879518072418e+00 2.147578259873843256e-18
5.387550200803213230e+00 5.187339742415895472e-18
5.407630522088353153e+00 1.205586325856833805e-17
5.427710843373493965e+00 2.700619820089262605e-17
5.447791164658634777e+00 5.840623777929764168e-17
5.467871485943774701e+00 1.221439237982047333e-16
5.487951807228915513e+00 2.473751799807020154e-16
5.508032128514056325e+00 4.858886730749769842e-16
5.528112449799197137e+00 9.268512695840995456e-16
5.548192771084337949e+00 1.719272808915184236e-15
5.568273092369477872e+00 3.105157853088802768e-15
5.588353413654618684e+00 5.466940962806432889e-15
5.608433734939758608e+00 9.393354066427572727e-15
5.628514056224899420e+00 1.576825756969698118e-14
5.648594377510040232e+00 2.588709292343530013e-14
5.668674698795181044e+00 4.160529779847462683e-14
5.688755020080321856e+00 6.552229075892798757e-14
5.708835341365461780e+00 1.012033517014827805e-13
5.728915662650602592e+00 1.534398836957219814e-13
5.748995983935742515e+00 2.285462022472079902e-13
5.769076305220883327e+00 3.346884162309484767e-13
5.789156626506024139e+00 4.822392073217810289e-13
5.809236947791164951e+00 6.841465981819218635e-13
5.829317269076305763e+00 9.563034947180364572e-13
5.849397590361445687e+00 1.317903111594845546e-12
5.869477911646586499e+00 1.791762497337067370e-12
5.889558232931726423e+00 2.404595706706634211e-12
5.909638554216867234e+00 3.187218098657169956e-12
5.929718875502008046e+00 4.174664048563849082e-12
5.949799196787148858e+00 5.406225550519540039e-12
5.969879518072289670e+00 6.925390835844233534e-12
5.989959839357429594e+00 8.779636075651343436e-12
6.010040160642570406e+00 1.102010551590425072e-11
6.030120481927710330e+00 1.370117041100328303e-11
6.050200803212851142e+00 1.687986995800631833e-11
6.070281124497991954e+00 2.061523291104563035e-11
6.090361445783132766e+00 2.496747000684521243e-11
6.110441767068273577e+00 2.999712606114798418e-11
6.130522088353413501e+00 3.576416440337851689e-11
6.150602409638554313e+00 4.232716029754155109e-11
6.170682730923694237e+00 4.974273185441244583e-11
6.190763052208835049e+00 5.806449061487034729e-11
6.210843373493975861e+00 6.734214592965117908e-11
6.230923694779116673e+00 7.762067883475497906e-11
6.251004016064257485e+00 8.893933642763807862e-11
6.271084337349397408e+00 1.013309116023439037e-10
6.291164658634538220e+00 1.148212748104839422e-10
6.311244979919678144e+00 1.294288762143857597e-10
6.331325301204818956e+00 1.451643524403454869e-10
6.351405622489959768e+00 1.620302387922589374e-10
6.371485943775100580e+00 1.800207673280759602e-10
6.391566265060241392e+00 1.991217859220651785e-10
6.411646586345381316e+00 2.193110082299920668e-10
6.431726907630522128e+00 2.405599720253740796e-10
6.451807228915662051e+00 2.628334732543977367e-10
6.471887550200802863e+00 2.860885343772081480e-10
6.491967871485943675e+00 3.102754265287379024e-10
6.512048192771084487e+00 3.353386018050557178e-10
6.532128514056225299e+00 3.612171009633945384e-10
6.552208835341365223e+00 3.878450752219833176e-10
6.572289156626506035e+00 4.151531231582650180e-10
6.592369477911645959e+00 4.430680198601920223e-10
6.612449799196786770e+00 4.715130428143650455e-10
6.632530120481927582e+00 5.004099107910640913e-10
6.652610441767068394e+00 5.296788447163798260e-10
6.672690763052209206e+00 5.592391666088301300e-10
6.692771084337350018e+00 5.890123114863922425e-10
6.712851405622489942e+00 6.189196913853426857e-10
6.732931726907629866e+00 6.488722250430382485e-10
6.753012048192770678e+00 6.787841594433137856e-10
6.773092369477911490e+00 7.085705592232369528e-10
6.793172690763052302e+00 7.381479309546097107e-10
6.813253012048193114e+00 7.674363432353831908e-10
6.833333333333333925e+00 7.963707330086745286e-10
6.853413654618473849e+00 8.248983218221174621e-10
6.873493975903614661e+00 8.529311457519345807e-10
6.893574297188754585e+00 8.804076567860112172e-10
6.913654618473895397e+00 9.072706951998038280e-10
6.933734939759036209e+00 9.334676296797899815e-10
6.953815261044177021e+00 9.589504703955611885e-10
6.973895582329317833e+00 9.836759218693982827e-10
6.993975903614457756e+00 1.007605343395881149e-09
7.014056224899598568e+00 1.030791857659606947e-09
7.034136546184738492e+00 1.053133196214629868e-09
7.054216867469879304e+00 1.074592375247818183e-09
7.074297188755020116e+00 1.095146861275730631e-09
7.094377510040160928e+00 1.114778004570385609e-09
7.114457831325301740e+00 1.133468798592240595e-09
7.134538152610441664e+00 1.151202780085672225e-09
7.154618473895582476e+00 1.167966861363948578e-09
7.174698795180722399e+00 1.183751426100279887e-09
7.194779116465863211e+00 1.198550155798996635e-09
7.214859437751004023e+00 1.212478150779570127e-09
7.234939759036144835e+00 1.225507078561296610e-09
7.255020080321285647e+00 1.237558047547823295e-09
7.275100401606425571e+00 1.248635343168578269e-09
7.295180722891566383e+00 1.258745737242709097e-09
7.315261044176706307e+00 1.267898309655357115e-09
7.335341365461847118e+00 1.276104216864404745e-09
7.355421686746987930e+00 1.283376111353914346e-09
7.375502008032128742e+00 1.289728158473836182e-09
7.395582329317269554e+00 1.295176022859978955e-09
7.415662650602409478e+00 1.299736046091341529e-09
7.435742971887550290e+00 1.303425608221775719e-09
7.455823293172690214e+00 1.306263115243627971e-09
7.475903614457831026e+00 1.308304194206026443e-09
7.495983935742971838e+00 1.309768526980800673e-09
7.516064257028112650e+00 1.310451793053812548e-09
7.536144578313252573e+00 1.310375933847447857e-09
7.556224899598393385e+00 1.309565147766289706e-09
7.576305220883534197e+00 1.308044259859424912e-09
7.596385542168675009e+00 1.305838695410873006e-09
7.616465863453814933e+00 1.302974371912925401e-09
7.636546184738955745e+00 1.299477493995648521e-09
7.656626506024096557e+00 1.295374438954315672e-09
7.676706827309237369e+00 1.290691647422234232e-09
7.696787148594377292e+00 1.285455435679002432e-09
7.716867469879518104e+00 1.279691575115815252e-09
7.736947791164658916e+00 1.273425394695522754e-09
7.757028112449798840e+00 1.266681725457988135e-09
7.777108433734939652e+00 1.259485158266305028e-09
7.797188755020080464e+00 1.251860009241590253e-09
7.817269076305221276e+00 1.243830228592384297e-09
7.837349397590361200e+00 1.235418373849367324e-09
7.857429718875502012e+00 1.226645353453046509e-09
7.877510040160642824e+00 1.217661809841180608e-09
7.897590361445782747e+00 1.208435697028773951e-09
7.917670682730923559e+00 1.198913899702490173e-09
7.937751004016064371e+00 1.189114788156092280e-09
7.957831325301205183e+00 1.179056221080715167e-09
7.977911646586345107e+00 1.168755540434560358e-09
7.997991967871485919e+00 1.158229570113434160e-09
8.018072289156627619e+00 1.147494621948377858e-09
8.038152610441766655e+00 1.136566494849232204e-09
8.058232931726907466e+00 1.125460476494952257e-09
8.078313253012048278e+00 1.114191343827443927e-09
8.098393574297189090e+00 1.102773170730408717e-09
8.118473895582329902e+00 1.091219252504391100e-09
8.138554216867468938e+00 1.079542226938017031e-09
8.158634538152611526e+00 1.067754320557695892e-09
8.178714859437750562e+00 1.055867401759140186e-09
8.198795180722891374e+00 1.043892983546724894e-09
8.218875502008032186e+00 1.031842208154456808e-09
8.238955823293172998e+00 1.019725680728222454e-09
8.259036144578313809e+00 1.007553755698528568e-09
8.279116465863452845e+00 9.953365287922127509e-10
8.299196787148595433e+00 9.830837728103731417e-10
8.319277108433734469e+00 9.708049284719751428e-10
8.339357429718875281e+00 9.585091030177055810e-10
8.359437751004016093e+00 9.462050702902904984e-10
8.379518072289156905e+00 9.339012710925386254e-10
8.399598393574297717e+00 9.216058138473791908e-10
8.419678714859436752e+00 9.093264750966954649e-10
8.439759036144579341e+00 8.970707009779188738e-10
8.459839357429718376e+00 8.848455594480521257e-10
8.479919678714859188e+00 8.726577162708256155e-10
8.500000000000000000e+00 8.605135282983173927e-10
