# log10(T) rate(cm^3/s)
# Collisional Rates
3.500000000000000000e+00 0.000000000000000000e+00
3.520080321285140368e+00 0.000000000000000000e+00
3.540160642570281180e+00 0.000000000000000000e+00
3.560240963855421548e+00 0.000000000000000000e+00
3.580321285140562360e+00 0.000000000000000000e+00
3.600401606425702727e+00 0.000000000000000000e+00
3.620481927710843539e+00 0.000000000000000000e+00
3.640562248995983907e+00 0.000000000000000000e+00
3.660642570281124719e+00 4.999944335913415027e-320
3.680722891566265087e+00 4.841142091062798429e-306
3.700803212851405455e+00 1.095037873028459273e-292
3.720883534136546267e+00 6.179584538652851068e-280
3.740963855421686635e+00 9.263651337532380157e-268
3.761044176706827447e+00 3.916615006357142561e-256
3.781124497991967814e+00 4.945189509768793388e-245
3.801204819277108626e+00 1.969308374653412353e-234
3.821285140562248994e+00 2.605835903126973817e-224
3.841365461847389362e+00 1.204213891516520300e-214
3.861445783132530174e+00 2.038108140188323887e-205
3.881526104417670542e+00 1.321992117136198407e-196
3.901606425702811354e+00 3.431855368522650411e-188
3.921686746987951722e+00 3.716187390499208213e-180
3.941767068273092534e+00 1.746195454333684212e-172
3.961847389558232901e+00 3.697409593528033772e-165
3.981927710843373269e+00 3.657247491716129266e-158
4.002008032128514081e+00 1.749037200139802349e-151
4.022088353413654893e+00 4.179195015867708886e-145
4.042168674698794817e+00 5.148156679451088999e-139
4.062248995983935629e+00 3.368819920165150439e-133
4.082329317269076441e+00 1.204993529780479688e-127
4.102409638554217253e+00 2.421171603490999285e-122
4.122489959839357176e+00 2.804903185286589143e-117
4.142570281124497988e+00 1.920736474192609923e-112
4.162650602409638800e+00 7.961468946227350783e-108
4.182730923694778724e+00 2.043364604220134510e-103
4.202811244979919536e+00 3.318427776000402039e-99
4.222891566265060348e+00 3.481242793625995117e-95
4.242971887550201160e+00 2.406176553028169157e-91
4.263052208835341084e+00 1.116606694786343259e-87
4.283132530120481896e+00 3.542182162791612421e-84
4.303212851405622708e+00 7.814561420824170685e-81
4.323293172690762631e+00 1.218790958500458592e-77
4.343373493975903443e+00 1.365056227085344164e-74
4.363453815261044255e+00 1.114466130774659333e-71
4.383534136546185067e+00 6.727952969824396317e-69
4.403614457831324991e+00 3.044550275871130014e-66
4.423694779116465803e+00 1.046271065147053490e-63
4.443775100401606615e+00 2.764695498009567328e-61
4.463855421686746539e+00 5.684464594013567500e-59
4.483935742971887350e+00 9.198036908872566804e-57
4.504016064257028162e+00 1.184038265281392192e-54
4.524096385542168974e+00 1.225153793183697698e-52
4.544176706827309786e+00 1.029096778286336047e-50
4.564257028112449710e+00 7.083621918480009314e-49
4.584337349397590522e+00 4.031772118963538084e-47
4.604417670682730446e+00 1.913856576074421920e-45
4.624497991967871258e+00 7.639384954412812188e-44
4.644578313253012070e+00 2.584311317025328494e-42
4.664658634538152882e+00 7.464777085716462471e-41
4.684738955823293693e+00 1.854282284336573097e-39
4.704819277108433617e+00 3.988257126643479165e-38
4.724899598393574429e+00 7.475947946363701631e-37
4.744979919678714353e+00 1.228923905787867238e-35
4.765060240963855165e+00 1.782120808839505485e-34
4.785140562248995977e+00 2.292788941074853513e-33
4.805220883534136789e+00 2.631212778620365249e-32
4.825301204819277601e+00 2.707427315237302769e-31
4.845381526104417524e+00 2.510205047884667690e-30
4.865461847389558336e+00 2.106972926135601727e-29
4.885542168674698260e+00 1.608271820430845844e-28
4.905622489959839072e+00 1.121181204373243712e-27
4.925702811244979884e+00 7.167849312732224926e-27
4.945783132530120696e+00 4.218897741904334152e-26
4.965863453815261508e+00 2.294720196008871816e-25
4.985943775100401432e+00 1.157527301066782538e-24
5.006024096385542244e+00 5.433549284481139469e-24
5.026104417670682167e+00 2.381222811770138634e-23
5.046184738955822979e+00 9.773043255813484501e-23
5.066265060240963791e+00 3.767569484058372006e-22
5.086345381526104603e+00 1.368120738468920312e-21
5.106425702811245415e+00 4.692385647308722251e-21
5.126506024096385339e+00 1.524018954773156829e-20
5.146586345381526151e+00 4.698778646958439704e-20
5.166666666666666963e+00 1.378477392739427892e-19
5.186746987951806886e+00 3.856649557614373166e-19
5.206827309236947698e+00 1.031212595565140935e-18
5.226907630522088510e+00 2.640603360223432427e-18
5.246987951807229322e+00 6.488199378133262294e-18
5.267068273092369246e+00 1.532575502824107958e-17
5.287148594377510058e+00 3.486342931230326407e-17
5.307228915662650870e+00 7.650813168482442137e-17
5.327309236947790794e+00 1.622331311323532325e-16
5.347389558232931606e+00 3.329194107000409870e-16
5.367469879518072418e+00 6.621385090449398276e-16
5.387550200803213230e+00 1.278150677334573254e-15
5.407630522088353153e+00 2.397861715085639888e-15
5.427710843373493965e+00 4.377577094956219166e-15
5.447791164658634777e+00 7.786536130716799660e-15
5.467871485943774701e+00 1.351028571084523415e-14
5.487951807228915513e+00 2.289181061089026248e-14
5.508032128514056325e+00 3.791879917782495520e-14
5.528112449799197137e+00 6.146530642670960744e-14
5.548192771084337949e+00 9.759521561187977693e-14
5.568273092369477872e+00 1.519331714737714124e-13
5.588353413654618684e+00 2.321060084153910491e-13
5.608433734939758608e+00 3.482541559325566480e-13
5.628514056224899420e+00 5.136081988931497845e-13
5.648594377510040232e+00 7.451209233785164663e-13
5.668674698795181044e+00 1.064140092485597081e-12
5.688755020080321856e+00 1.497102230074902726e-12
5.708835341365461780e+00 2.076223227335754139e-12
5.728915662650602592e+00 2.840157999352817951e-12
5.748995983935742515e+00 3.834599029346590247e-12
5.769076305220883327e+00 5.112782706954635196e-12
5.789156626506024139e+00 6.735873013795107331e-12
5.809236947791164951e+00 8.773194387808945708e-12
5.829317269076305763e+00 1.130228940000861346e-11
5.849397590361445687e+00 1.440878199235205271e-11
5.869477911646586499e+00 1.818603355941532540e-11
5.889558232931726423e+00 2.273458587033847900e-11
5.909638554216867234e+00 2.816139226764581134e-11
5.929718875502008046e+00 3.457884593038021242e-11
5.949799196787148858e+00 4.210361959635037337e-11
5.969879518072289670e+00 5.085534055294793558e-11
5.989959839357429594e+00 6.095512980914648670e-11
6.010040160642570406e+00 7.252403465962706377e-11
6.030120481927710330e+00 8.568139005284517932e-11
6.050200803212851142e+00 1.005431448625877183e-10
6.070281124497991954e+00 1.172201760485485824e-10
6.090361445783132766e+00 1.358166384682858023e-10
6.110441767068273577e+00 1.564284121745721359e-10
6.130522088353413501e+00 1.791416413790662159e-10
6.150602409638554313e+00 2.040314022922024435e-10
6.170682730923694237e+00 2.311605243828101387e-10
6.190763052208835049e+00 2.605785827979408786e-10
6.210843373493975861e+00 2.923209865659908561e-10
6.230923694779116673e+00 3.264082374634896121e-10
6.251004016064257485e+00 3.628456075813354485e-10
6.271084337349397408e+00 4.016229273056897084e-10
6.291164658634538220e+00 4.427145576650819336e-10
6.311244979919678144e+00 4.860795534543346743e-10
6.331325301204818956e+00 5.316620070194292619e-10
6.351405622489959768e+00 5.793915591982918177e-10
6.371485943775100580e+00 6.291839069902555076e-10
6.391566265060241392e+00 6.809408520914820176e-10
6.411646586345381316e+00 7.345516207522931509e-10
6.431726907630522128e+00 7.898941416078670420e-10
6.451807228915662051e+00 8.468361630080984423e-10
6.471887550200802863e+00 9.052364409516259354e-10
6.491967871485943675e+00 9.649459979149337182e-10
6.512048192771084487e+00 1.025809359413696284e-09
6.532128514056225299e+00 1.087665805535894600e-09
6.552208835341365223e+00 1.150350629718089379e-09
6.572289156626506035e+00 1.213696241162134640e-09
6.592369477911645959e+00 1.277531449993370850e-09
6.612449799196786770e+00 1.341683050888342971e-09
6.632530120481927582e+00 1.405978316474567500e-09
6.652610441767068394e+00 1.470246033897468107e-09
6.672690763052209206e+00 1.534317549701385707e-09
6.692771084337350018e+00 1.598027742058487526e-09
6.712851405622489942e+00 1.661215913075252953e-09
6.732931726907629866e+00 1.723726655482603940e-09
6.753012048192770678e+00 1.785411299197265615e-09
6.773092369477911490e+00 1.846128279301399964e-09
6.793172690763052302e+00 1.905743092125156437e-09
6.813253012048193114e+00 1.964128724825132701e-09
6.833333333333333925e+00 2.021166012514811218e-09
6.853413654618473849e+00 2.076742273419181240e-09
6.873493975903614661e+00 2.130748839437384950e-09
6.893574297188754585e+00 2.183084729306451709e-09
6.913654618473895397e+00 2.233658825299962528e-09
6.933734939759036209e+00 2.282391087178877060e-09
6.953815261044177021e+00 2.329210116711946499e-09
6.973895582329317833e+00 2.374052823225303183e-09
6.993975903614457756e+00 2.416864352176764667e-09
7.014056224899598568e+00 2.457597971559324921e-09
7.034136546184738492e+00 2.496214919500655469e-09
7.054216867469879304e+00 2.532684216483061886e-09
7.074297188755020116e+00 2.566982445624205581e-09
7.094377510040160928e+00 2.599093504436139687e-09
7.114457831325301740e+00 2.629009572924930654e-09
7.134538152610441664e+00 2.656735090952147250e-09
7.154618473895582476e+00 2.682281788216191914e-09
7.174698795180722399e+00 2.705666575780959796e-09
7.194779116465863211e+00 2.726911216347091525e-09
7.214859437751004023e+00 2.746041995803133703e-09
7.234939759036144835e+00 2.763089116168149947e-09
7.255020080321285647e+00 2.778083257752530869e-09
7.275100401606425571e+00 2.791056477496519380e-09
7.295180722891566383e+00 2.802044207246732549e-09
7.315261044176706307e+00 2.811085046247979189e-09
7.335341365461847118e+00 2.818220510812181565e-09
7.355421686746987930e+00 2.823494782921674644e-09
7.375502008032128742e+00 2.826954695476260375e-09
7.395582329317269554e+00 2.828654615540738441e-09
7.415662650602409478e+00 2.828655398786790132e-09
7.435742971887550290e+00 2.827018418299245955e-09
7.455823293172690214e+00 2.823805120710013134e-09
7.475903614457831026e+00 2.819076852923853486e-09
7.495983935742971838e+00 2.812894700135168386e-09
7.516064257028112650e+00 2.805319334485241805e-09
7.536144578313252573e+00 2.796410873933816441e-09
7.556224899598393385e+00 2.786228751105394765e-09
7.576305220883534197e+00 2.774831592016642626e-09
7.596385542168675009e+00 2.762277104696297667e-09
7.616465863453814933e+00 2.748621977773947884e-09
7.636546184738955745e+00 2.733921789141789276e-09
7.656626506024096557e+00 2.718230924787455027e-09
7.676706827309237369e+00 2.701602507861090921e-09
7.696787148594377292e+00 2.684088337981040754e-09
7.716867469879518104e+00 2.665738840705447070e-09
7.736947791164658916e+00 2.646603027007356492e-09
7.757028112449798840e+00 2.626728462493960974e-09
7.777108433734939652e+00 2.606162692150216105e-09
7.797188755020080464e+00 2.584957166042904995e-09
7.817269076305221276e+00 2.563162220218203661e-09
7.837349397590361200e+00 2.540825601810777405e-09
7.857429718875502012e+00 2.517992556258926515e-09
7.877510040160642824e+00 2.494705922026394374e-09
7.897590361445782747e+00 2.471006230967597094e-09
7.917670682730923559e+00 2.446931812604998073e-09
7.937751004016064371e+00 2.422518900729377348e-09
7.957831325301205183e+00 2.397801645876627732e-09
7.977911646586345107e+00 2.372811301595079051e-09
7.997991967871485919e+00 2.347576781774990629e-09
8.018072289156627619e+00 2.322125412606231610e-09
8.038152610441766655e+00 2.296483053006820195e-09
8.058232931726907466e+00 2.270674200232601609e-09
8.078313253012048278e+00 2.244722089300599026e-09
8.098393574297189090e+00 2.218648785783707981e-09
8.118473895582329902e+00 2.192475271691855754e-09
8.138554216867468938e+00 2.166221524300258619e-09
8.158634538152611526e+00 2.139906587917175156e-09
8.178714859437750562e+00 2.113548638700586264e-09
8.198795180722891374e+00 2.087165042734540995e-09
8.218875502008032186e+00 2.060772407661374180e-09
8.238955823293172998e+00 2.034386628235332714e-09
8.259036144578313809e+00 2.008022926217046098e-09
8.279116465863452845e+00 1.981695885067234132e-09
8.299196787148595433e+00 1.955419479923153282e-09
8.319277108433734469e+00 1.929207103353707950e-09
8.339357429718875281e+00 1.903071587390150016e-09
8.359437751004016093e+00 1.877025222320646406e-09
8.379518072289156905e+00 1.851079772719660657e-09
8.399598393574297717e+00 1.825246491159182121e-09
8.419678714859436752e+00 1.799536130019514327e-09
8.439759036144579341e+00 1.773958951783802810e-09
8.459839357429718376e+00 1.748524738164736544e-09
8.479919678714859188e+00 1.723242798386329237e-09
8.500000000000000000e+00 1.698122394924863197e-09
