# log10(T) rate(cm^3/s)
# Collisional Rates
3.500000000000000000e+00 0.000000000000000000e+00
3.520080321285140368e+00 0.000000000000000000e+00
3.540160642570281180e+00 0.000000000000000000e+00
3.560240963855421548e+00 0.000000000000000000e+00
3.580321285140562360e+00 0.000000000000000000e+00
3.600401606425702727e+00 0.000000000000000000e+00
3.620481927710843539e+00 0.000000000000000000e+00
3.640562248995983907e+00 0.000000000000000000e+00
3.660642570281124719e+00 0.000000000000000000e+00
3.680722891566265087e+00 0.000000000000000000e+00
3.700803212851405455e+00 0.000000000000000000e+00
3.720883534136546267e+00 0.000000000000000000e+00
3.740963855421686635e+00 0.000000000000000000e+00
3.761044176706827447e+00 0.000000000000000000e+00
3.781124497991967814e+00 0.000000000000000000e+00
3.801204819277108626e+00 0.000000000000000000e+00
3.821285140562248994e+00 0.000000000000000000e+00
3.841365461847389362e+00 0.000000000000000000e+00
3.861445783132530174e+00 0.000000000000000000e+00
3.881526104417670542e+00 0.000000000000000000e+00
3.901606425702811354e+00 0.000000000000000000e+00
3.921686746987951722e+00 6.468109067996794496e-316
3.941767068273092534e+00 3.862584336656491100e-302
3.961847389558232901e+00 5.507769009763303455e-289
3.981927710843373269e+00 2.000669230465435662e-276
4.002008032128514081e+00 1.969298498205811226e-264
4.022088353413654893e+00 5.571945224167053508e-253
4.042168674698794817e+00 4.794306491529248220e-242
4.062248995983935629e+00 1.323816069583419639e-231
4.082329317269076441e+00 1.234855599467079734e-221
4.102409638554217253e+00 4.086837609071415882e-212
4.122489959839357176e+00 5.028923637490180808e-203
4.142570281124497988e+00 2.405991977912784528e-194
4.162650602409638800e+00 4.670706334788662381e-186
4.182730923694778724e+00 3.832131284040536749e-178
4.202811244979919536e+00 1.381554569747036703e-170
4.222891566265060348e+00 2.271445675296931807e-163
4.242971887550201160e+00 1.764619169847660344e-156
4.263052208835341084e+00 6.700781671385805195e-150
4.283132530120481896e+00 1.284613767515074202e-143
4.303212851405622708e+00 1.282343626481068710e-137
4.323293172690762631e+00 6.864787718131810528e-132
4.343373493975903443e+00 2.027067175780646546e-126
4.363453815261044255e+00 3.391583502236541004e-121
4.383534136546185067e+00 3.298965132461479805e-116
4.403614457831324991e+00 1.911778580929833949e-111
4.423694779116465803e+00 6.756861370238575274e-107
4.443775100401606615e+00 1.489373706516945800e-102
4.463855421686746539e+00 2.091601174484161274e-98
4.483935742971887350e+00 1.909929006784156255e-94
4.504016064257028162e+00 1.156286996226120758e-90
4.524096385542168974e+00 4.728129783811445874e-87
4.544176706827309786e+00 1.329196894361669980e-83
4.564257028112449710e+00 2.612873193291195952e-80
4.584337349397590522e+00 3.650035739290136815e-77
4.604417670682730446e+00 3.679841708152714996e-74
4.624497991967871258e+00 2.717158568265476166e-71
4.644578313253012070e+00 1.490273740953229148e-68
4.664658634538152882e+00 6.153434729854145146e-66
4.684738955823293693e+00 1.937497914074472287e-63
4.704819277108433617e+00 4.709305413638329957e-61
4.724899598393574429e+00 8.940132247005176719e-59
4.744979919678714353e+00 1.340455810512431880e-56
4.765060240963855165e+00 1.604402733916073319e-54
4.785140562248995977e+00 1.548632048207756545e-52
4.805220883534136789e+00 1.217247493851484914e-50
4.825301204819277601e+00 7.863871608464246219e-49
4.845381526104417524e+00 4.212789492462577824e-47
4.865461847389558336e+00 1.887356536391522516e-45
4.885542168674698260e+00 7.128496786625245555e-44
4.905622489959839072e+00 2.287453106629859630e-42
4.925702811244979884e+00 6.282256949526284153e-41
4.945783132530120696e+00 1.487109372890856219e-39
4.965863453815261508e+00 3.054571423222695080e-38
4.985943775100401432e+00 5.479266964320533307e-37
5.006024096385542244e+00 8.636111548476740884e-36
5.026104417670682167e+00 1.203029494274801806e-34
5.046184738955822979e+00 1.489431262432383166e-33
5.066265060240963791e+00 1.647650784215930610e-32
5.086345381526104603e+00 1.636892406763205511e-31
5.106425702811245415e+00 1.467557814311685928e-30
5.126506024096385339e+00 1.192902383185565365e-29
5.146586345381526151e+00 8.830241917826693438e-29
5.166666666666666963e+00 5.977708705676031258e-28
5.186746987951806886e+00 3.715735095479991725e-27
5.206827309236947698e+00 2.129005066088735527e-26
5.226907630522088510e+00 1.128571251045003960e-25
5.246987951807229322e+00 5.554278939137506102e-25
5.267068273092369246e+00 2.546418829184285680e-24
5.287148594377510058e+00 1.091004474298950789e-23
5.307228915662650870e+00 4.381732942939975315e-23
5.327309236947790794e+00 1.654458826854885422e-22
5.347389558232931606e+00 5.889349090211431462e-22
5.367469879518072418e+00 1.981689751833170094e-21
5.387550200803213230e+00 6.319234220262196446e-21
5.407630522088353153e+00 1.914286998777806925e-20
5.427710843373493965e+00 5.521652642377732645e-20
5.447791164658634777e+00 1.519884445683390240e-19
5.467871485943774701e+00 4.000810451397161532e-19
5.487951807228915513e+00 1.009151016408579572e-18
5.508032128514056325e+00 2.443825893324023500e-18
5.528112449799197137e+00 5.692295963185366635e-18
5.548192771084337949e+00 1.277523097003674082e-17
5.568273092369477872e+00 2.767199584699280152e-17
5.588353413654618684e+00 5.794232843523096304e-17
5.608433734939758608e+00 1.174618592440910720e-16
5.628514056224899420e+00 2.308739083462004227e-16
5.648594377510040232e+00 4.405880844055908191e-16
5.668674698795181044e+00 8.174212333092716488e-16
5.688755020080321856e+00 1.476262032276304370e-15
5.708835341365461780e+00 2.598420039136111835e-15
5.728915662650602592e+00 4.462555932904463210e-15
5.748995983935742515e+00 7.486237042306367859e-15
5.769076305220883327e+00 1.228017657362042084e-14
5.789156626506024139e+00 1.971703332352041902e-14
5.809236947791164951e+00 3.101625004071283035e-14
5.829317269076305763e+00 4.784576974748024464e-14
5.849397590361445687e+00 7.244058011141383103e-14
5.869477911646586499e+00 1.077369353008688543e-13
5.889558232931726423e+00 1.575198591489397164e-13
5.909638554216867234e+00 2.265804721336771587e-13
5.929718875502008046e+00 3.208779019743095680e-13
5.949799196787148858e+00 4.476993670686254914e-13
5.969879518072289670e+00 6.158115439563855623e-13
5.989959839357429594e+00 8.355952934453322787e-13
6.010040160642570406e+00 1.119155667533938248e-12
6.030120481927710330e+00 1.480399325169908519e-12
6.050200803212851142e+00 1.935071951157815031e-12
6.070281124497991954e+00 2.500752938547470665e-12
6.090361445783132766e+00 3.196805934061853737e-12
6.110441767068273577e+00 4.044269339317827254e-12
6.130522088353413501e+00 5.065695800807922119e-12
6.150602409638554313e+00 6.284940367436188071e-12
6.170682730923694237e+00 7.726899938025798979e-12
6.190763052208835049e+00 9.417206445978791898e-12
6.210843373493975861e+00 1.138186717523941207e-11
6.230923694779116673e+00 1.364689052037469856e-11
6.251004016064257485e+00 1.623789367222812755e-11
6.271084337349397408e+00 1.917971771054425269e-11
6.291164658634538220e+00 2.249612266620361435e-11
6.311244979919678144e+00 2.620938190534689975e-11
6.331325301204818956e+00 3.033990704771607519e-11
6.351405622489959768e+00 3.490591216585895174e-11
6.371485943775100580e+00 3.992301947559577215e-11
6.391566265060241392e+00 4.540393100196094852e-11
6.411646586345381316e+00 5.135827215081658586e-11
6.431726907630522128e+00 5.779242086524990977e-11
6.451807228915662051e+00 6.470937610035645067e-11
6.471887550200802863e+00 7.210872854014786675e-11
6.491967871485943675e+00 7.998650979537823952e-11
6.512048192771084487e+00 8.833525795874704704e-11
6.532128514056225299e+00 9.714414423510759507e-11
6.552208835341365223e+00 1.063994253060546939e-10
6.572289156626506035e+00 1.160846254117136684e-10
6.592369477911645959e+00 1.261802156373415493e-10
6.612449799196786770e+00 1.366628152721282296e-10
6.632530120481927582e+00 1.475071343120419724e-10
6.652610441767068394e+00 1.586856701868323041e-10
6.672690763052209206e+00 1.701689510126663719e-10
6.692771084337350018e+00 1.819262089752373285e-10
6.712851405622489942e+00 1.939298205561762838e-10
6.732931726907629866e+00 2.061418021259832956e-10
6.753012048192770678e+00 2.185279932456646983e-10
6.773092369477911490e+00 2.310537894057786995e-10
6.793172690763052302e+00 2.436844123736598873e-10
6.813253012048193114e+00 2.563851609542459756e-10
6.833333333333333925e+00 2.691214901876771135e-10
6.853413654618473849e+00 2.818832049760834898e-10
6.873493975903614661e+00 2.946112388020056113e-10
6.893574297188754585e+00 3.072699802565534570e-10
6.913654618473895397e+00 3.198248440849131580e-10
6.933734939759036209e+00 3.322425186362519733e-10
6.953815261044177021e+00 3.444918783151102435e-10
6.973895582329317833e+00 3.565435664661600585e-10
6.993975903614457756e+00 3.683698995185211299e-10
7.014056224899598568e+00 3.799951921142301753e-10
7.034136546184738492e+00 3.913797095162916585e-10
7.054216867469879304e+00 4.024712519952537729e-10
7.074297188755020116e+00 4.132495627315466821e-10
7.094377510040160928e+00 4.236963288909322442e-10
7.114457831325301740e+00 4.337952380148341868e-10
7.134538152610441664e+00 4.435317795960226558e-10
7.154618473895582476e+00 4.528931572364761055e-10
7.174698795180722399e+00 4.618684880173982287e-10
7.194779116465863211e+00 4.704487272235488272e-10
7.214859437751004023e+00 4.786816903976149943e-10
7.234939759036144835e+00 4.866293076538082071e-10
7.255020080321285647e+00 4.941671388129739409e-10
7.275100401606425571e+00 5.012894539799614881e-10
7.295180722891566383e+00 5.079920071579996108e-10
7.315261044176706307e+00 5.142719743809755963e-10
7.335341365461847118e+00 5.201278956564532979e-10
7.355421686746987930e+00 5.255596066064151391e-10
7.375502008032128742e+00 5.305680820202076871e-10
7.395582329317269554e+00 5.351552171401864489e-10
7.415662650602409478e+00 5.393239780592315222e-10
7.435742971887550290e+00 5.430783426418028065e-10
7.455823293172690214e+00 5.464229590262559217e-10
7.475903614457831026e+00 5.493631036759726603e-10
7.495983935742971838e+00 5.521156233867575129e-10
7.516064257028112650e+00 5.545147398606036290e-10
7.536144578313252573e+00 5.565344464815397143e-10
7.556224899598393385e+00 5.581824284892420845e-10
7.576305220883534197e+00 5.594669015031582720e-10
7.596385542168675009e+00 5.603961772850413289e-10
7.616465863453814933e+00 5.609788916571809579e-10
7.636546184738955745e+00 5.612241606118810854e-10
7.656626506024096557e+00 5.611416354596652301e-10
7.676706827309237369e+00 5.607417291602099730e-10
7.696787148594377292e+00 5.600352547049098499e-10
7.716867469879518104e+00 5.590331152090675241e-10
7.736947791164658916e+00 5.577460950382365669e-10
7.757028112449798840e+00 5.561851525509439705e-10
7.777108433734939652e+00 5.543614023187580369e-10
7.797188755020080464e+00 5.522860614520955970e-10
7.817269076305221276e+00 5.499704009538312055e-10
7.837349397590361200e+00 5.474257003226276480e-10
7.857429718875502012e+00 5.446628296870895182e-10
7.877510040160642824e+00 5.417615658255844033e-10
7.897590361445782747e+00 5.387837695971118773e-10
7.917670682730923559e+00 5.356203208678808308e-10
7.937751004016064371e+00 5.322812655585422277e-10
7.957831325301205183e+00 5.287762582396354708e-10
7.977911646586345107e+00 5.251143027808324147e-10
7.997991967871485919e+00 5.213042363628335102e-10
8.018072289156627619e+00 5.173547059546143493e-10
8.038152610441766655e+00 5.132741600311596345e-10
8.058232931726907466e+00 5.090708305527351720e-10
8.078313253012048278e+00 5.047527141181897290e-10
8.098393574297189090e+00 5.003275270085009285e-10
8.118473895582329902e+00 4.958024604759923801e-10
8.138554216867468938e+00 4.911843916600623266e-10
8.158634538152611526e+00 4.864800270773401006e-10
8.178714859437750562e+00 4.816959007127654423e-10
8.198795180722891374e+00 4.768383720802922978e-10
8.218875502008032186e+00 4.719136248550138445e-10
8.238955823293172998e+00 4.669275880483801272e-10
8.259036144578313809e+00 4.618855457516423249e-10
8.279116465863452845e+00 4.567925142774354701e-10
8.299196787148595433e+00 4.516534577158131615e-10
8.319277108433734469e+00 4.464732885843122117e-10
8.339357429718875281e+00 4.412568362254674556e-10
8.359437751004016093e+00 4.360088416940472097e-10
8.379518072289156905e+00 4.307339914712100067e-10
8.399598393574297717e+00 4.254368718195306813e-10
8.419678714859436752e+00 4.201219385504430604e-10
8.439759036144579341e+00 4.147935119109600377e-10
8.459839357429718376e+00 4.094557731132936132e-10
8.479919678714859188e+00 4.041127612878960748e-10
8.500000000000000000e+00 3.987683702688416469e-10
