# log10(T) rate(cm^3/s)
# ColRates
3.500000000000000000e+00 3.233039999999999746e-33
3.520000000000000018e+00 4.528939999999999820e-32
3.540000000000000036e+00 5.636819999999999981e-31
3.560000000000000053e+00 6.266860000000000182e-30
3.580000000000000071e+00 6.255399999999999552e-29
3.600000000000000089e+00 5.633339999999999975e-28
3.620000000000000107e+00 4.598350000000000228e-27
3.640000000000000124e+00 3.417360000000000040e-26
3.660000000000000142e+00 2.322060000000000019e-25
3.680000000000000160e+00 1.448470000000000041e-24
3.700000000000000178e+00 8.326789999999999447e-24
3.720000000000000195e+00 4.427699999999999898e-23
3.740000000000000213e+00 2.185449999999999985e-22
3.759999999999999787e+00 1.004679999999999978e-21
3.779999999999999805e+00 4.315560000000000343e-21
3.799999999999999822e+00 1.737360000000000120e-20
3.819999999999999840e+00 6.574760000000000087e-20
3.839999999999999858e+00 2.345279999999999896e-19
3.859999999999999876e+00 7.907149999999999560e-19
3.879999999999999893e+00 2.526029999999999878e-18
3.899999999999999911e+00 7.665209999999999598e-18
3.919999999999999929e+00 2.214520000000000139e-17
3.939999999999999947e+00 6.104809999999999797e-17
3.959999999999999964e+00 1.609230000000000119e-16
3.979999999999999982e+00 4.064419999999999886e-16
4.000000000000000000e+00 9.854869999999999147e-16
4.019999999999999574e+00 2.298170000000000029e-15
4.040000000000000036e+00 5.163480000000000039e-15
4.059999999999999609e+00 1.119640000000000026e-14
4.080000000000000071e+00 2.346779999999999846e-14
4.099999999999999645e+00 4.762110000000000067e-14
4.120000000000000107e+00 9.369169999999999951e-14
4.139999999999999680e+00 1.789680000000000004e-13
4.160000000000000142e+00 3.323519999999999858e-13
4.179999999999999716e+00 6.007970000000000097e-13
4.200000000000000178e+00 1.058520000000000017e-12
4.219999999999999751e+00 1.819740000000000080e-12
4.240000000000000213e+00 3.055869999999999983e-12
4.259999999999999787e+00 5.016650000000000035e-12
4.280000000000000249e+00 7.926670000000000595e-12
4.299999999999999822e+00 1.231830000000000013e-11
4.320000000000000284e+00 1.883000000000000115e-11
4.339999999999999858e+00 2.831790000000000155e-11
4.360000000000000320e+00 4.190830000000000147e-11
4.379999999999999893e+00 6.105079999999999508e-11
4.400000000000000355e+00 8.758059999999999378e-11
4.419999999999999929e+00 1.237700000000000027e-10
4.440000000000000391e+00 1.723909999999999944e-10
4.459999999999999964e+00 2.367520000000000009e-10
4.480000000000000426e+00 3.207609999999999949e-10
4.500000000000000000e+00 4.289200000000000036e-10
4.519999999999999574e+00 5.663770000000000388e-10
4.540000000000000036e+00 7.388849999999999770e-10
4.559999999999999609e+00 9.528119999999999560e-10
4.580000000000000071e+00 1.215079999999999903e-09
4.599999999999999645e+00 1.533119999999999975e-09
4.620000000000000107e+00 1.914790000000000168e-09
4.639999999999999680e+00 2.368259999999999843e-09
4.660000000000000142e+00 2.901970000000000061e-09
4.679999999999999716e+00 3.524439999999999877e-09
4.700000000000000178e+00 4.244170000000000245e-09
4.719999999999999751e+00 5.069500000000000330e-09
4.740000000000000213e+00 6.008590000000000238e-09
4.769999999999999574e+00 7.069070000000000281e-09
4.790000000000000036e+00 8.258090000000000793e-09
4.809999999999999609e+00 9.582180000000000508e-09
4.830000000000000071e+00 1.104710000000000004e-08
4.849999999999999645e+00 1.265789999999999948e-08
4.870000000000000107e+00 1.441830000000000014e-08
4.889999999999999680e+00 1.633149999999999970e-08
4.910000000000000142e+00 1.839949999999999876e-08
4.929999999999999716e+00 2.062310000000000088e-08
4.950000000000000178e+00 2.300209999999999856e-08
4.969999999999999751e+00 2.553529999999999970e-08
4.990000000000000213e+00 2.822039999999999904e-08
5.009999999999999787e+00 3.105379999999999713e-08
5.030000000000000249e+00 3.403110000000000090e-08
5.049999999999999822e+00 3.714690000000000290e-08
5.070000000000000284e+00 4.039499999999999875e-08
5.089999999999999858e+00 4.376799999999999858e-08
5.110000000000000320e+00 4.725799999999999873e-08
5.129999999999999893e+00 5.085629999999999860e-08
5.150000000000000355e+00 5.455380000000000242e-08
5.169999999999999929e+00 5.834049999999999887e-08
5.190000000000000391e+00 6.220629999999999766e-08
5.209999999999999964e+00 6.614049999999999592e-08
5.230000000000000426e+00 7.013240000000000403e-08
5.250000000000000000e+00 7.417079999999999868e-08
5.269999999999999574e+00 7.824469999999999389e-08
5.290000000000000036e+00 8.234319999999999582e-08
5.309999999999999609e+00 8.645509999999999441e-08
5.330000000000000071e+00 9.056940000000000366e-08
5.349999999999999645e+00 9.467550000000000626e-08
5.370000000000000107e+00 9.876320000000000653e-08
5.389999999999999680e+00 1.028220000000000058e-07
5.410000000000000142e+00 1.068429999999999992e-07
5.429999999999999716e+00 1.108160000000000044e-07
5.450000000000000178e+00 1.147319999999999980e-07
5.469999999999999751e+00 1.185839999999999983e-07
5.490000000000000213e+00 1.223619999999999941e-07
5.509999999999999787e+00 1.260610000000000063e-07
5.530000000000000249e+00 1.296729999999999992e-07
5.549999999999999822e+00 1.331909999999999914e-07
5.570000000000000284e+00 1.366110000000000048e-07
5.589999999999999858e+00 1.399260000000000050e-07
5.610000000000000320e+00 1.431319999999999876e-07
5.629999999999999893e+00 1.462250000000000008e-07
5.650000000000000355e+00 1.492009999999999872e-07
5.669999999999999929e+00 1.520579999999999975e-07
5.690000000000000391e+00 1.547909999999999995e-07
5.709999999999999964e+00 1.573999999999999933e-07
5.730000000000000426e+00 1.598830000000000030e-07
5.750000000000000000e+00 1.622369999999999988e-07
5.769999999999999574e+00 1.644620000000000072e-07
5.790000000000000036e+00 1.665580000000000016e-07
5.809999999999999609e+00 1.685250000000000085e-07
5.830000000000000071e+00 1.703620000000000004e-07
5.849999999999999645e+00 1.720690000000000038e-07
5.870000000000000107e+00 1.736489999999999954e-07
5.889999999999999680e+00 1.751020000000000019e-07
5.910000000000000142e+00 1.764279999999999967e-07
5.929999999999999716e+00 1.776300000000000097e-07
5.950000000000000178e+00 1.787099999999999902e-07
5.969999999999999751e+00 1.796679999999999913e-07
5.990000000000000213e+00 1.805089999999999920e-07
6.009999999999999787e+00 1.812329999999999924e-07
6.030000000000000249e+00 1.818429999999999959e-07
6.049999999999999822e+00 1.823410000000000047e-07
6.070000000000000284e+00 1.827309999999999969e-07
6.089999999999999858e+00 1.830150000000000013e-07
6.110000000000000320e+00 1.831959999999999948e-07
6.129999999999999893e+00 1.832770000000000072e-07
6.150000000000000355e+00 1.832609999999999891e-07
6.169999999999999929e+00 1.831499999999999956e-07
6.190000000000000391e+00 1.829480000000000048e-07
6.209999999999999964e+00 1.826589999999999947e-07
6.230000000000000426e+00 1.822839999999999930e-07
6.250000000000000000e+00 1.818270000000000042e-07
6.269999999999999574e+00 1.812920000000000063e-07
6.290000000000000036e+00 1.806810000000000017e-07
6.309999999999999609e+00 1.799979999999999949e-07
6.330000000000000071e+00 1.792449999999999881e-07
6.349999999999999645e+00 1.784250000000000112e-07
6.370000000000000107e+00 1.775419999999999893e-07
6.389999999999999680e+00 1.765980000000000041e-07
6.410000000000000142e+00 1.755970000000000073e-07
6.429999999999999716e+00 1.745410000000000010e-07
6.450000000000000178e+00 1.734319999999999876e-07
6.469999999999999751e+00 1.722749999999999991e-07
6.490000000000000213e+00 1.710700000000000092e-07
6.509999999999999787e+00 1.698209999999999958e-07
6.530000000000000249e+00 1.685309999999999889e-07
6.549999999999999822e+00 1.672009999999999895e-07
6.570000000000000284e+00 1.658350000000000023e-07
6.589999999999999858e+00 1.644340000000000019e-07
6.610000000000000320e+00 1.629999999999999905e-07
6.629999999999999893e+00 1.615349999999999969e-07
6.650000000000000355e+00 1.600429999999999992e-07
6.669999999999999929e+00 1.585239999999999973e-07
6.690000000000000391e+00 1.569799999999999935e-07
6.709999999999999964e+00 1.554139999999999913e-07
6.730000000000000426e+00 1.538269999999999917e-07
6.750000000000000000e+00 1.522199999999999959e-07
6.769999999999999574e+00 1.505950000000000062e-07
6.790000000000000036e+00 1.489539999999999983e-07
6.809999999999999609e+00 1.472979999999999999e-07
6.830000000000000071e+00 1.456280000000000120e-07
6.849999999999999645e+00 1.439460000000000106e-07
6.870000000000000107e+00 1.422529999999999967e-07
6.889999999999999680e+00 1.405499999999999979e-07
6.910000000000000142e+00 1.388389999999999901e-07
6.929999999999999716e+00 1.371199999999999996e-07
6.950000000000000178e+00 1.353940000000000013e-07
6.969999999999999751e+00 1.336629999999999972e-07
6.990000000000000213e+00 1.319269999999999875e-07
7.009999999999999787e+00 1.301880000000000008e-07
7.030000000000000249e+00 1.284460000000000108e-07
7.049999999999999822e+00 1.267019999999999920e-07
7.070000000000000284e+00 1.249569999999999985e-07
7.089999999999999858e+00 1.232120000000000051e-07
7.110000000000000320e+00 1.214680000000000127e-07
7.129999999999999893e+00 1.197259999999999962e-07
7.150000000000000355e+00 1.179859999999999952e-07
7.169999999999999929e+00 1.162489999999999976e-07
7.190000000000000391e+00 1.145160000000000045e-07
7.209999999999999964e+00 1.127870000000000027e-07
7.230000000000000426e+00 1.110639999999999945e-07
7.259999999999999787e+00 1.093460000000000052e-07
7.280000000000000249e+00 1.076359999999999985e-07
7.299999999999999822e+00 1.059329999999999997e-07
7.320000000000000284e+00 1.042379999999999968e-07
7.339999999999999858e+00 1.025520000000000040e-07
7.360000000000000320e+00 1.008749999999999950e-07
7.379999999999999893e+00 9.920840000000000578e-08
7.400000000000000355e+00 9.755239999999999412e-08
7.419999999999999929e+00 9.590760000000000576e-08
7.440000000000000391e+00 9.427459999999999372e-08
7.459999999999999964e+00 9.265409999999999585e-08
7.480000000000000426e+00 9.104649999999999408e-08
7.500000000000000000e+00 8.945239999999999439e-08
7.519999999999999574e+00 8.787240000000000274e-08
7.540000000000000036e+00 8.630670000000000348e-08
7.559999999999999609e+00 8.475599999999999476e-08
7.580000000000000071e+00 8.322069999999999821e-08
7.599999999999999645e+00 8.170119999999999576e-08
7.620000000000000107e+00 8.019789999999999579e-08
7.639999999999999680e+00 7.871110000000000130e-08
7.660000000000000142e+00 7.724119999999999420e-08
7.679999999999999716e+00 7.578859999999999614e-08
7.700000000000000178e+00 7.435350000000000468e-08
7.719999999999999751e+00 7.293619999999999635e-08
7.740000000000000213e+00 7.153689999999999520e-08
7.759999999999999787e+00 7.015590000000000420e-08
7.780000000000000249e+00 6.879339999999999448e-08
7.799999999999999822e+00 6.744949999999999792e-08
7.820000000000000284e+00 6.612450000000000425e-08
7.839999999999999858e+00 6.481829999999999484e-08
7.860000000000000320e+00 6.353119999999999915e-08
7.879999999999999893e+00 6.226320000000000395e-08
7.900000000000000355e+00 6.101440000000000139e-08
7.919999999999999929e+00 5.978480000000000473e-08
7.940000000000000391e+00 5.857449999999999951e-08
7.959999999999999964e+00 5.738340000000000018e-08
7.980000000000000426e+00 5.621159999999999891e-08
8.000000000000000000e+00 5.505889999999999812e-08
8.019999999999999574e+00 5.392540000000000323e-08
8.039999999999999147e+00 5.281089999999999679e-08
8.060000000000000497e+00 5.171549999999999745e-08
8.080000000000000071e+00 5.063890000000000222e-08
8.099999999999999645e+00 4.958120000000000328e-08
8.119999999999999218e+00 4.854209999999999763e-08
8.140000000000000568e+00 4.752149999999999973e-08
8.160000000000000142e+00 4.651929999999999755e-08
8.179999999999999716e+00 4.553539999999999891e-08
8.199999999999999289e+00 4.456950000000000083e-08
8.220000000000000639e+00 4.362149999999999790e-08
8.240000000000000213e+00 4.269119999999999915e-08
8.259999999999999787e+00 4.177840000000000040e-08
8.279999999999999361e+00 4.088300000000000285e-08
8.300000000000000711e+00 4.000459999999999811e-08
8.320000000000000284e+00 3.914310000000000062e-08
8.339999999999999858e+00 3.829829999999999957e-08
8.359999999999999432e+00 3.746999999999999737e-08
8.380000000000000782e+00 3.665800000000000307e-08
8.400000000000000355e+00 3.586200000000000044e-08
8.419999999999999929e+00 3.508169999999999974e-08
8.439999999999999503e+00 3.431710000000000095e-08
8.460000000000000853e+00 3.356780000000000231e-08
8.480000000000000426e+00 3.283359999999999961e-08
8.500000000000000000e+00 3.211430000000000190e-08
