# log10(T) rate(cm^3/s)
# ColRates
3.500000000000000000e+00 5.322859999999999467e-26
3.520000000000000018e+00 3.539050000000000219e-25
3.540000000000000036e+00 2.162259999999999921e-24
3.560000000000000053e+00 1.218620000000000058e-23
3.580000000000000071e+00 6.358380000000000272e-23
3.600000000000000089e+00 3.082210000000000054e-22
3.620000000000000107e+00 1.392699999999999935e-21
3.640000000000000124e+00 5.884550000000000226e-21
3.660000000000000142e+00 2.332070000000000030e-20
3.680000000000000160e+00 8.693650000000000392e-20
3.700000000000000178e+00 3.056999999999999892e-19
3.720000000000000195e+00 1.016650000000000095e-18
3.740000000000000213e+00 3.205639999999999838e-18
3.759999999999999787e+00 9.606810000000000114e-18
3.779999999999999805e+00 2.742590000000000134e-17
3.799999999999999822e+00 7.474880000000000088e-17
3.819999999999999840e+00 1.949109999999999885e-16
3.839999999999999858e+00 4.871989999999999912e-16
3.859999999999999876e+00 1.169659999999999959e-15
3.879999999999999893e+00 2.701930000000000105e-15
3.899999999999999911e+00 6.016130000000000198e-15
3.919999999999999929e+00 1.293319999999999961e-14
3.939999999999999947e+00 2.688619999999999895e-14
3.959999999999999964e+00 5.413079999999999993e-14
3.979999999999999982e+00 1.057019999999999998e-13
4.000000000000000000e+00 2.004659999999999912e-13
4.019999999999999574e+00 3.697419999999999910e-13
4.040000000000000036e+00 6.640340000000000360e-13
4.059999999999999609e+00 1.162660000000000016e-12
4.080000000000000071e+00 1.986869999999999995e-12
4.099999999999999645e+00 3.317610000000000037e-12
4.120000000000000107e+00 5.394819999999999827e-12
4.139999999999999680e+00 8.503449999999999274e-12
4.160000000000000142e+00 1.317170000000000051e-11
4.179999999999999716e+00 2.005629999999999967e-11
4.200000000000000178e+00 3.003090000000000121e-11
4.219999999999999751e+00 4.423439999999999900e-11
4.240000000000000213e+00 6.412199999999999839e-11
4.259999999999999787e+00 9.151990000000000467e-11
4.280000000000000249e+00 1.286749999999999977e-10
4.299999999999999822e+00 1.783020000000000115e-10
4.320000000000000284e+00 2.436319999999999813e-10
4.339999999999999858e+00 3.284309999999999798e-10
4.360000000000000320e+00 4.370349999999999803e-10
4.379999999999999893e+00 5.743379999999999868e-10
4.400000000000000355e+00 7.458039999999999818e-10
4.419999999999999929e+00 9.574119999999999194e-10
4.440000000000000391e+00 1.215639999999999950e-09
4.459999999999999964e+00 1.527359999999999987e-09
4.480000000000000426e+00 1.899809999999999874e-09
4.500000000000000000e+00 2.340450000000000122e-09
4.519999999999999574e+00 2.856909999999999805e-09
4.540000000000000036e+00 3.456810000000000184e-09
4.559999999999999609e+00 4.147730000000000110e-09
4.580000000000000071e+00 4.936950000000000410e-09
4.599999999999999645e+00 5.831499999999999973e-09
4.620000000000000107e+00 6.837869999999999673e-09
4.639999999999999680e+00 7.962030000000000060e-09
4.660000000000000142e+00 9.209299999999999621e-09
4.679999999999999716e+00 1.058409999999999946e-08
4.700000000000000178e+00 1.209020000000000029e-08
4.719999999999999751e+00 1.373029999999999921e-08
4.740000000000000213e+00 1.550620000000000090e-08
4.769999999999999574e+00 1.741880000000000110e-08
4.790000000000000036e+00 1.946760000000000089e-08
4.809999999999999609e+00 2.165159999999999914e-08
4.830000000000000071e+00 2.396850000000000052e-08
4.849999999999999645e+00 2.641499999999999864e-08
4.870000000000000107e+00 2.898690000000000130e-08
4.889999999999999680e+00 3.167919999999999954e-08
4.910000000000000142e+00 3.448590000000000310e-08
4.929999999999999716e+00 3.740030000000000039e-08
4.950000000000000178e+00 4.041490000000000279e-08
4.969999999999999751e+00 4.352160000000000241e-08
4.990000000000000213e+00 4.671200000000000165e-08
5.009999999999999787e+00 4.997680000000000055e-08
5.030000000000000249e+00 5.330669999999999915e-08
5.049999999999999822e+00 5.669179999999999814e-08
5.070000000000000284e+00 6.012239999999999579e-08
5.089999999999999858e+00 6.358810000000000544e-08
5.110000000000000320e+00 6.707909999999999349e-08
5.129999999999999893e+00 7.058509999999999854e-08
5.150000000000000355e+00 7.409639999999999902e-08
5.169999999999999929e+00 7.760290000000000465e-08
5.190000000000000391e+00 8.109530000000000222e-08
5.209999999999999964e+00 8.456400000000000204e-08
5.230000000000000426e+00 8.800049999999999447e-08
5.250000000000000000e+00 9.139579999999999576e-08
5.269999999999999574e+00 9.474209999999999443e-08
5.290000000000000036e+00 9.803160000000000546e-08
5.309999999999999609e+00 1.012570000000000047e-07
5.330000000000000071e+00 1.044119999999999955e-07
5.349999999999999645e+00 1.074890000000000038e-07
5.370000000000000107e+00 1.104839999999999986e-07
5.389999999999999680e+00 1.133909999999999994e-07
5.410000000000000142e+00 1.162039999999999995e-07
5.429999999999999716e+00 1.189209999999999966e-07
5.450000000000000178e+00 1.215380000000000127e-07
5.469999999999999751e+00 1.240500000000000024e-07
5.490000000000000213e+00 1.264550000000000031e-07
5.509999999999999787e+00 1.287519999999999872e-07
5.530000000000000249e+00 1.309370000000000031e-07
5.549999999999999822e+00 1.330099999999999979e-07
5.570000000000000284e+00 1.349689999999999958e-07
5.589999999999999858e+00 1.368129999999999956e-07
5.610000000000000320e+00 1.385429999999999986e-07
5.629999999999999893e+00 1.401580000000000034e-07
5.650000000000000355e+00 1.416580000000000102e-07
5.669999999999999929e+00 1.430439999999999937e-07
5.690000000000000391e+00 1.443160000000000066e-07
5.709999999999999964e+00 1.454759999999999985e-07
5.730000000000000426e+00 1.465249999999999968e-07
5.750000000000000000e+00 1.474650000000000039e-07
5.769999999999999574e+00 1.482959999999999933e-07
5.790000000000000036e+00 1.490209999999999948e-07
5.809999999999999609e+00 1.496420000000000108e-07
5.830000000000000071e+00 1.501609999999999905e-07
5.849999999999999645e+00 1.505799999999999891e-07
5.870000000000000107e+00 1.509020000000000102e-07
5.889999999999999680e+00 1.511290000000000029e-07
5.910000000000000142e+00 1.512629999999999960e-07
5.929999999999999716e+00 1.513079999999999941e-07
5.950000000000000178e+00 1.512659999999999994e-07
5.969999999999999751e+00 1.511389999999999877e-07
5.990000000000000213e+00 1.509309999999999901e-07
6.009999999999999787e+00 1.506440000000000088e-07
6.030000000000000249e+00 1.502819999999999953e-07
6.049999999999999822e+00 1.498470000000000050e-07
6.070000000000000284e+00 1.493419999999999882e-07
6.089999999999999858e+00 1.487700000000000014e-07
6.110000000000000320e+00 1.481339999999999949e-07
6.129999999999999893e+00 1.474369999999999987e-07
6.150000000000000355e+00 1.466809999999999884e-07
6.169999999999999929e+00 1.458699999999999953e-07
6.190000000000000391e+00 1.450059999999999949e-07
6.209999999999999964e+00 1.440929999999999920e-07
6.230000000000000426e+00 1.431319999999999876e-07
6.250000000000000000e+00 1.421260000000000115e-07
6.269999999999999574e+00 1.410789999999999890e-07
6.290000000000000036e+00 1.399920000000000005e-07
6.309999999999999609e+00 1.388679999999999965e-07
6.330000000000000071e+00 1.377100000000000069e-07
6.349999999999999645e+00 1.365190000000000064e-07
6.370000000000000107e+00 1.352979999999999983e-07
6.389999999999999680e+00 1.340500000000000125e-07
6.410000000000000142e+00 1.327749999999999961e-07
6.429999999999999716e+00 1.314780000000000077e-07
6.450000000000000178e+00 1.301579999999999933e-07
6.469999999999999751e+00 1.288180000000000091e-07
6.490000000000000213e+00 1.274610000000000056e-07
6.509999999999999787e+00 1.260870000000000093e-07
6.530000000000000249e+00 1.246979999999999960e-07
6.549999999999999822e+00 1.232949999999999933e-07
6.570000000000000284e+00 1.218820000000000057e-07
6.589999999999999858e+00 1.204570000000000046e-07
6.610000000000000320e+00 1.190239999999999943e-07
6.629999999999999893e+00 1.175830000000000014e-07
6.650000000000000355e+00 1.161350000000000007e-07
6.669999999999999929e+00 1.146810000000000063e-07
6.690000000000000391e+00 1.132229999999999942e-07
6.709999999999999964e+00 1.117620000000000051e-07
6.730000000000000426e+00 1.102979999999999994e-07
6.750000000000000000e+00 1.088330000000000058e-07
6.769999999999999574e+00 1.073669999999999978e-07
6.790000000000000036e+00 1.059010000000000031e-07
6.809999999999999609e+00 1.044349999999999952e-07
6.830000000000000071e+00 1.029710000000000027e-07
6.849999999999999645e+00 1.015100000000000004e-07
6.870000000000000107e+00 1.000510000000000004e-07
6.889999999999999680e+00 9.859559999999999648e-08
6.910000000000000142e+00 9.714439999999999471e-08
6.929999999999999716e+00 9.569789999999999562e-08
6.950000000000000178e+00 9.425649999999999437e-08
6.969999999999999751e+00 9.282099999999999452e-08
6.990000000000000213e+00 9.139169999999999905e-08
7.009999999999999787e+00 8.996909999999999530e-08
7.030000000000000249e+00 8.855369999999999707e-08
7.049999999999999822e+00 8.714609999999999709e-08
7.070000000000000284e+00 8.574659999999999835e-08
7.089999999999999858e+00 8.435559999999999602e-08
7.110000000000000320e+00 8.297369999999999607e-08
7.129999999999999893e+00 8.160120000000000148e-08
7.150000000000000355e+00 8.023840000000000201e-08
7.169999999999999929e+00 7.888579999999999822e-08
7.190000000000000391e+00 7.754390000000000392e-08
7.209999999999999964e+00 7.621290000000000345e-08
7.230000000000000426e+00 7.489309999999999980e-08
7.259999999999999787e+00 7.358499999999999353e-08
7.280000000000000249e+00 7.228890000000000087e-08
7.299999999999999822e+00 7.100500000000000616e-08
7.320000000000000284e+00 6.973370000000000457e-08
7.339999999999999858e+00 6.847529999999999907e-08
7.360000000000000320e+00 6.723000000000000048e-08
7.379999999999999893e+00 6.599820000000000397e-08
7.400000000000000355e+00 6.477989999999999630e-08
7.419999999999999929e+00 6.357560000000000450e-08
7.440000000000000391e+00 6.238539999999999428e-08
7.459999999999999964e+00 6.120959999999999509e-08
7.480000000000000426e+00 6.004819999999999371e-08
7.500000000000000000e+00 5.890149999999999972e-08
7.519999999999999574e+00 5.776969999999999749e-08
7.540000000000000036e+00 5.665289999999999903e-08
7.559999999999999609e+00 5.555120000000000314e-08
7.580000000000000071e+00 5.446470000000000198e-08
7.599999999999999645e+00 5.339350000000000096e-08
7.620000000000000107e+00 5.233779999999999767e-08
7.639999999999999680e+00 5.129740000000000114e-08
7.660000000000000142e+00 5.027269999999999991e-08
7.679999999999999716e+00 4.926339999999999761e-08
7.700000000000000178e+00 4.826979999999999724e-08
7.719999999999999751e+00 4.729170000000000121e-08
7.740000000000000213e+00 4.632930000000000048e-08
7.759999999999999787e+00 4.538229999999999868e-08
7.780000000000000249e+00 4.445090000000000001e-08
7.799999999999999822e+00 4.353499999999999907e-08
7.820000000000000284e+00 4.263449999999999706e-08
7.839999999999999858e+00 4.174930000000000182e-08
7.860000000000000320e+00 4.087949999999999889e-08
7.879999999999999893e+00 4.002479999999999852e-08
7.900000000000000355e+00 3.918520000000000071e-08
7.919999999999999929e+00 3.836060000000000007e-08
7.940000000000000391e+00 3.755079999999999900e-08
7.959999999999999964e+00 3.675579999999999750e-08
7.980000000000000426e+00 3.597539999999999801e-08
8.000000000000000000e+00 3.520950000000000171e-08
8.019999999999999574e+00 3.445789999999999782e-08
8.039999999999999147e+00 3.372040000000000197e-08
8.060000000000000497e+00 3.299700000000000093e-08
8.080000000000000071e+00 3.228739999999999833e-08
8.099999999999999645e+00 3.159150000000000201e-08
8.119999999999999218e+00 3.090910000000000114e-08
8.140000000000000568e+00 3.024009999999999693e-08
8.160000000000000142e+00 2.958410000000000085e-08
8.179999999999999716e+00 2.894119999999999845e-08
8.199999999999999289e+00 2.831109999999999998e-08
8.220000000000000639e+00 2.769349999999999913e-08
8.240000000000000213e+00 2.708850000000000132e-08
8.259999999999999787e+00 2.649559999999999937e-08
8.279999999999999361e+00 2.591479999999999989e-08
8.300000000000000711e+00 2.534579999999999989e-08
8.320000000000000284e+00 2.478850000000000058e-08
8.339999999999999858e+00 2.424259999999999898e-08
8.359999999999999432e+00 2.370809999999999840e-08
8.380000000000000782e+00 2.318460000000000036e-08
8.400000000000000355e+00 2.267210000000000156e-08
8.419999999999999929e+00 2.217020000000000022e-08
8.439999999999999503e+00 2.167889999999999966e-08
8.460000000000000853e+00 2.119790000000000018e-08
8.480000000000000426e+00 2.072709999999999970e-08
8.500000000000000000e+00 2.026619999999999853e-08
